10992 Patterns Available (1x16)
Found 10 targets.
Constructing Centers and Sigmas...
Centers: [0, 1, 2, 3, 4, 5, 6, 7, 8, 9]
Mode[Train:8793]...
Time [7.7103sec]
Mode[Test:2199]...
Time [1.69sec]

Confusion Matrix
119.0, 1.0, 0.0, 0.0, 49.0, 0.0, 12.0, 0.0, 0.0, 27.0
0.0, 127.0, 36.0, 28.0, 0.0, 0.0, 0.0, 0.0, 0.0, 49.0
0.0, 1.0, 167.0, 51.0, 0.0, 0.0, 0.0, 0.0, 0.0, 9.0
0.0, 2.0, 0.0, 183.0, 0.0, 0.0, 0.0, 0.0, 0.0, 25.0
0.0, 4.0, 0.0, 1.0, 168.0, 0.0, 0.0, 0.0, 0.0, 47.0
0.0, 0.0, 0.0, 16.0, 0.0, 99.0, 0.0, 5.0, 4.0, 75.0
0.0, 0.0, 0.0, 5.0, 1.0, 0.0, 130.0, 0.0, 0.0, 67.0
0.0, 21.0, 5.0, 55.0, 0.0, 0.0, 0.0, 136.0, 0.0, 12.0
31.0, 0.0, 0.0, 42.0, 22.0, 6.0, 27.0, 8.0, 84.0, 18.0
0.0, 20.0, 0.0, 3.0, 0.0, 0.0, 0.0, 0.0, 0.0, 201.0

Key, Precision, Recall
0, 0.5721, 0.7933
1, 0.5292, 0.7216
2, 0.7325, 0.8029
3, 0.8714, 0.4766
4, 0.7636, 0.7
5, 0.4975, 0.9429
6, 0.6404, 0.7692
7, 0.5939, 0.9128
8, 0.3529, 0.9545
9, 0.8973, 0.3792
Overall Correct: 0.643


Confusion Matrix
128.0, 9.0, 5.0, 0.0, 65.0, 0.0, 16.0, 0.0, 0.0, 6.0
0.0, 113.0, 70.0, 0.0, 0.0, 0.0, 0.0, 0.0, 0.0, 39.0
0.0, 1.0, 236.0, 0.0, 0.0, 0.0, 0.0, 0.0, 0.0, 1.0
0.0, 1.0, 171.0, 0.0, 0.0, 0.0, 0.0, 0.0, 0.0, 28.0
0.0, 0.0, 0.0, 0.0, 212.0, 0.0, 0.0, 0.0, 0.0, 32.0
0.0, 0.0, 8.0, 0.0, 0.0, 102.0, 0.0, 13.0, 9.0, 65.0
0.0, 0.0, 7.0, 0.0, 6.0, 0.0, 163.0, 0.0, 0.0, 45.0
0.0, 20.0, 51.0, 0.0, 0.0, 0.0, 1.0, 155.0, 1.0, 6.0
32.0, 0.0, 22.0, 0.0, 15.0, 6.0, 28.0, 5.0, 92.0, 13.0
0.0, 26.0, 3.0, 0.0, 2.0, 0.0, 0.0, 0.0, 0.0, 170.0

Key, Precision, Recall
0, 0.559, 0.8
1, 0.509, 0.6647
2, 0.9916, 0.4119
4, 0.8689, 0.7067
5, 0.5178, 0.9444
6, 0.7376, 0.7837
7, 0.6624, 0.896
8, 0.4319, 0.902
9, 0.8458, 0.4198
Overall Correct: 0.6235


Confusion Matrix
207.0, 0.0, 0.0, 0.0, 0.0, 0.0, 11.0, 15.0, 1.0, 1.0
0.0, 0.0, 45.0, 32.0, 0.0, 23.0, 0.0, 139.0, 0.0, 2.0
0.0, 0.0, 188.0, 26.0, 0.0, 1.0, 0.0, 33.0, 0.0, 2.0
0.0, 0.0, 0.0, 211.0, 0.0, 1.0, 0.0, 5.0, 0.0, 2.0
190.0, 0.0, 0.0, 1.0, 0.0, 4.0, 0.0, 3.0, 0.0, 13.0
2.0, 0.0, 0.0, 29.0, 0.0, 145.0, 0.0, 8.0, 8.0, 0.0
22.0, 0.0, 0.0, 15.0, 0.0, 24.0, 148.0, 1.0, 0.0, 0.0
0.0, 0.0, 1.0, 16.0, 0.0, 0.0, 1.0, 220.0, 0.0, 1.0
92.0, 0.0, 0.0, 20.0, 0.0, 0.0, 0.0, 14.0, 75.0, 0.0
3.0, 0.0, 0.0, 7.0, 0.0, 123.0, 0.0, 47.0, 0.0, 21.0

Key, Precision, Recall
0, 0.8809, 0.4012
2, 0.752, 0.8034
3, 0.9635, 0.591
5, 0.7552, 0.4517
6, 0.7048, 0.925
7, 0.9205, 0.4536
8, 0.3731, 0.8929
9, 0.1045, 0.5
Overall Correct: 0.5525


Confusion Matrix
190.0, 10.0, 0.0, 0.0, 0.0, 0.0, 13.0, 0.0, 0.0, 11.0
0.0, 121.0, 43.0, 17.0, 0.0, 0.0, 0.0, 0.0, 0.0, 25.0
0.0, 6.0, 202.0, 30.0, 0.0, 0.0, 0.0, 0.0, 0.0, 12.0
0.0, 1.0, 0.0, 166.0, 0.0, 0.0, 0.0, 0.0, 0.0, 43.0
151.0, 4.0, 0.0, 0.0, 0.0, 0.0, 0.0, 0.0, 0.0, 97.0
1.0, 1.0, 0.0, 18.0, 0.0, 111.0, 0.0, 5.0, 11.0, 73.0
0.0, 0.0, 0.0, 1.0, 0.0, 0.0, 114.0, 0.0, 0.0, 84.0
0.0, 29.0, 3.0, 47.0, 0.0, 0.0, 1.0, 141.0, 2.0, 4.0
71.0, 1.0, 0.0, 13.0, 0.0, 1.0, 7.0, 2.0, 67.0, 17.0
0.0, 37.0, 0.0, 1.0, 0.0, 0.0, 0.0, 0.0, 0.0, 194.0

Key, Precision, Recall
0, 0.8482, 0.46
1, 0.5874, 0.5762
2, 0.808, 0.8145
3, 0.7905, 0.5666
5, 0.5045, 0.9911
6, 0.5729, 0.8444
7, 0.6211, 0.9527
8, 0.3743, 0.8375
9, 0.8362, 0.3464
Overall Correct: 0.5939


Confusion Matrix
148.0, 7.0, 0.0, 0.0, 33.0, 0.0, 20.0, 0.0, 2.0, 16.0
0.0, 119.0, 45.0, 24.0, 0.0, 0.0, 0.0, 0.0, 0.0, 28.0
0.0, 7.0, 174.0, 45.0, 0.0, 0.0, 0.0, 0.0, 0.0, 4.0
0.0, 1.0, 0.0, 172.0, 0.0, 0.0, 0.0, 0.0, 0.0, 32.0
0.0, 2.0, 0.0, 0.0, 165.0, 0.0, 0.0, 0.0, 0.0, 64.0
0.0, 0.0, 0.0, 14.0, 0.0, 97.0, 0.0, 6.0, 8.0, 76.0
0.0, 0.0, 0.0, 2.0, 2.0, 1.0, 140.0, 0.0, 0.0, 83.0
0.0, 29.0, 6.0, 56.0, 0.0, 0.0, 0.0, 127.0, 1.0, 9.0
59.0, 1.0, 0.0, 23.0, 5.0, 8.0, 20.0, 2.0, 76.0, 11.0
0.0, 30.0, 0.0, 4.0, 0.0, 0.0, 0.0, 0.0, 0.0, 195.0

Key, Precision, Recall
0, 0.6549, 0.715
1, 0.5509, 0.6071
2, 0.7565, 0.7733
3, 0.839, 0.5059
4, 0.7143, 0.8049
5, 0.4826, 0.9151
6, 0.614, 0.7778
7, 0.557, 0.9407
8, 0.3707, 0.8736
9, 0.8515, 0.3764
Overall Correct: 0.6426


Confusion Matrix
151.0, 11.0, 0.0, 5.0, 59.0, 0.0, 16.0, 0.0, 4.0, 0.0
17.0, 118.0, 33.0, 56.0, 0.0, 0.0, 0.0, 0.0, 0.0, 0.0
0.0, 1.0, 149.0, 73.0, 0.0, 0.0, 0.0, 0.0, 0.0, 0.0
0.0, 0.0, 0.0, 207.0, 0.0, 0.0, 0.0, 0.0, 0.0, 0.0
43.0, 5.0, 0.0, 3.0, 177.0, 0.0, 0.0, 0.0, 0.0, 0.0
37.0, 0.0, 0.0, 35.0, 1.0, 103.0, 0.0, 8.0, 7.0, 0.0
15.0, 0.0, 0.0, 22.0, 2.0, 1.0, 170.0, 0.0, 0.0, 0.0
1.0, 22.0, 2.0, 76.0, 0.0, 0.0, 1.0, 124.0, 1.0, 0.0
55.0, 0.0, 0.0, 48.0, 8.0, 3.0, 16.0, 3.0, 81.0, 0.0
147.0, 34.0, 0.0, 39.0, 0.0, 0.0, 0.0, 0.0, 0.0, 9.0

Key, Precision, Recall
0, 0.6138, 0.324
1, 0.5268, 0.6178
2, 0.6682, 0.8098
3, 1.0, 0.367
4, 0.7763, 0.7166
5, 0.5393, 0.9626
6, 0.8095, 0.8374
7, 0.5463, 0.9185
8, 0.3785, 0.871
9, 0.0393, 1.0
Overall Correct: 0.5862


Confusion Matrix
155.0, 14.0, 0.0, 18.0, 49.0, 0.0, 30.0, 0.0, 0.0, 0.0
0.0, 114.0, 27.0, 81.0, 0.0, 0.0, 0.0, 0.0, 0.0, 2.0
0.0, 0.0, 157.0, 72.0, 0.0, 0.0, 0.0, 0.0, 0.0, 0.0
0.0, 1.0, 0.0, 208.0, 0.0, 0.0, 0.0, 0.0, 0.0, 0.0
0.0, 5.0, 0.0, 24.0, 174.0, 0.0, 0.0, 0.0, 0.0, 18.0
0.0, 0.0, 0.0, 66.0, 0.0, 108.0, 0.0, 7.0, 11.0, 13.0
0.0, 0.0, 0.0, 65.0, 3.0, 0.0, 151.0, 0.0, 0.0, 0.0
0.0, 28.0, 0.0, 55.0, 0.0, 0.0, 0.0, 139.0, 0.0, 0.0
31.0, 0.0, 0.0, 44.0, 4.0, 6.0, 36.0, 6.0, 71.0, 0.0
0.0, 29.0, 0.0, 90.0, 0.0, 0.0, 0.0, 0.0, 0.0, 87.0

Key, Precision, Recall
0, 0.5827, 0.8333
1, 0.5089, 0.5969
2, 0.6856, 0.8533
3, 0.9952, 0.2877
4, 0.7873, 0.7565
5, 0.5268, 0.9474
6, 0.6895, 0.6959
7, 0.6261, 0.9145
8, 0.3586, 0.8659
9, 0.4223, 0.725
Overall Correct: 0.6203


Confusion Matrix
176.0, 11.0, 0.0, 0.0, 0.0, 0.0, 12.0, 0.0, 6.0, 15.0
0.0, 111.0, 63.0, 20.0, 0.0, 0.0, 0.0, 0.0, 0.0, 34.0
0.0, 2.0, 201.0, 15.0, 0.0, 0.0, 0.0, 0.0, 0.0, 5.0
0.0, 0.0, 0.0, 157.0, 0.0, 0.0, 0.0, 0.0, 0.0, 12.0
0.0, 5.0, 0.0, 0.0, 148.0, 0.0, 0.0, 0.0, 0.0, 81.0
0.0, 0.0, 0.0, 26.0, 0.0, 116.0, 0.0, 6.0, 17.0, 67.0
1.0, 0.0, 1.0, 2.0, 2.0, 0.0, 165.0, 0.0, 0.0, 46.0
0.0, 25.0, 8.0, 56.0, 0.0, 0.0, 0.0, 148.0, 3.0, 4.0
65.0, 0.0, 2.0, 33.0, 0.0, 1.0, 4.0, 3.0, 91.0, 7.0
0.0, 27.0, 0.0, 10.0, 0.0, 0.0, 0.0, 0.0, 0.0, 189.0

Key, Precision, Recall
0, 0.8, 0.7273
1, 0.4868, 0.6133
2, 0.9013, 0.7309
3, 0.929, 0.4922
4, 0.6325, 0.9867
5, 0.5, 0.9915
6, 0.7604, 0.9116
7, 0.6066, 0.9427
8, 0.4417, 0.7778
9, 0.8363, 0.4109
Overall Correct: 0.683


Confusion Matrix
110.0, 12.0, 0.0, 1.0, 74.0, 0.0, 15.0, 0.0, 1.0, 14.0
0.0, 148.0, 24.0, 38.0, 0.0, 0.0, 0.0, 0.0, 0.0, 34.0
0.0, 0.0, 165.0, 45.0, 0.0, 0.0, 0.0, 0.0, 0.0, 4.0
0.0, 1.0, 0.0, 175.0, 0.0, 0.0, 0.0, 0.0, 0.0, 18.0
0.0, 3.0, 0.0, 1.0, 180.0, 0.0, 0.0, 0.0, 0.0, 50.0
0.0, 0.0, 0.0, 20.0, 0.0, 111.0, 0.0, 4.0, 8.0, 64.0
0.0, 0.0, 0.0, 6.0, 7.0, 0.0, 133.0, 0.0, 0.0, 57.0
0.0, 28.0, 2.0, 52.0, 0.0, 0.0, 1.0, 149.0, 3.0, 4.0
22.0, 0.0, 0.0, 34.0, 32.0, 2.0, 23.0, 2.0, 78.0, 5.0
0.0, 39.0, 0.0, 6.0, 1.0, 0.0, 0.0, 0.0, 0.0, 193.0

Key, Precision, Recall
0, 0.4846, 0.8333
1, 0.6066, 0.6407
2, 0.771, 0.8639
3, 0.9021, 0.463
4, 0.7692, 0.6122
5, 0.5362, 0.9823
6, 0.6552, 0.7733
7, 0.6234, 0.9613
8, 0.3939, 0.8667
9, 0.8075, 0.4357
Overall Correct: 0.6558


Confusion Matrix
184.0, 10.0, 0.0, 0.0, 5.0, 0.0, 13.0, 0.0, 14.0, 24.0
0.0, 108.0, 30.0, 41.0, 0.0, 0.0, 0.0, 0.0, 0.0, 42.0
0.0, 1.0, 164.0, 62.0, 0.0, 0.0, 0.0, 0.0, 0.0, 9.0
0.0, 0.0, 0.0, 166.0, 0.0, 0.0, 0.0, 0.0, 0.0, 21.0
0.0, 3.0, 0.0, 0.0, 156.0, 0.0, 0.0, 0.0, 0.0, 71.0
1.0, 0.0, 0.0, 13.0, 0.0, 115.0, 0.0, 8.0, 2.0, 61.0
0.0, 0.0, 0.0, 0.0, 0.0, 0.0, 137.0, 0.0, 0.0, 61.0
0.0, 21.0, 0.0, 63.0, 0.0, 0.0, 1.0, 129.0, 1.0, 7.0
45.0, 0.0, 0.0, 32.0, 0.0, 7.0, 17.0, 4.0, 114.0, 13.0
0.0, 26.0, 0.0, 1.0, 0.0, 0.0, 0.0, 0.0, 0.0, 196.0

Key, Precision, Recall
0, 0.736, 0.8
1, 0.4887, 0.6391
2, 0.6949, 0.8454
3, 0.8877, 0.4392
4, 0.6783, 0.9689
5, 0.575, 0.9426
6, 0.6919, 0.8155
7, 0.5811, 0.9149
8, 0.4914, 0.8702
9, 0.8789, 0.3881
Overall Correct: 0.668