5620 Patterns Available (8x8)
Found 10 targets.
Constructing Centers and Sigmas...
Centers: [0, 1, 2, 3, 4, 5, 6, 7, 8, 9]
Mode[Train:4496]...
Time [4.9913sec]
Mode[Test:1124]...
Time [1.1544sec]

Confusion Matrix
100.0, 0.0, 0.0, 0.0, 0.0, 0.0, 1.0, 0.0, 0.0, 0.0
0.0, 98.0, 0.0, 1.0, 0.0, 0.0, 8.0, 1.0, 7.0, 2.0
0.0, 8.0, 93.0, 4.0, 0.0, 0.0, 1.0, 0.0, 9.0, 2.0
0.0, 0.0, 0.0, 94.0, 0.0, 5.0, 0.0, 1.0, 4.0, 2.0
2.0, 18.0, 0.0, 0.0, 86.0, 1.0, 3.0, 1.0, 4.0, 1.0
1.0, 8.0, 1.0, 2.0, 0.0, 75.0, 4.0, 0.0, 4.0, 6.0
4.0, 7.0, 0.0, 0.0, 0.0, 0.0, 102.0, 0.0, 0.0, 0.0
1.0, 4.0, 3.0, 5.0, 3.0, 1.0, 0.0, 91.0, 6.0, 0.0
3.0, 15.0, 1.0, 1.0, 1.0, 1.0, 3.0, 0.0, 99.0, 1.0
6.0, 16.0, 0.0, 13.0, 2.0, 11.0, 0.0, 1.0, 2.0, 63.0

Confusion Matrix
100.0, 0.0, 0.0, 0.0, 0.0, 0.0, 5.0, 0.0, 0.0, 0.0
0.0, 51.0, 3.0, 1.0, 3.0, 1.0, 23.0, 5.0, 9.0, 5.0
2.0, 0.0, 100.0, 7.0, 0.0, 0.0, 5.0, 4.0, 3.0, 0.0
2.0, 0.0, 1.0, 116.0, 0.0, 0.0, 1.0, 3.0, 1.0, 1.0
1.0, 0.0, 0.0, 0.0, 102.0, 0.0, 13.0, 5.0, 1.0, 0.0
4.0, 1.0, 0.0, 9.0, 2.0, 63.0, 9.0, 1.0, 2.0, 15.0
1.0, 0.0, 0.0, 0.0, 2.0, 0.0, 104.0, 0.0, 0.0, 0.0
0.0, 0.0, 0.0, 3.0, 7.0, 1.0, 0.0, 114.0, 3.0, 0.0
4.0, 6.0, 2.0, 4.0, 2.0, 1.0, 11.0, 3.0, 69.0, 1.0
12.0, 4.0, 0.0, 21.0, 5.0, 0.0, 0.0, 3.0, 4.0, 57.0

Confusion Matrix
104.0, 0.0, 0.0, 0.0, 0.0, 0.0, 2.0, 0.0, 0.0, 0.0
0.0, 54.0, 2.0, 4.0, 1.0, 2.0, 20.0, 9.0, 11.0, 5.0
1.0, 0.0, 85.0, 7.0, 0.0, 1.0, 2.0, 1.0, 8.0, 2.0
0.0, 0.0, 0.0, 116.0, 0.0, 1.0, 1.0, 4.0, 0.0, 3.0
2.0, 3.0, 0.0, 0.0, 103.0, 0.0, 8.0, 3.0, 2.0, 0.0
1.0, 0.0, 0.0, 4.0, 3.0, 82.0, 3.0, 0.0, 0.0, 2.0
6.0, 0.0, 0.0, 0.0, 1.0, 0.0, 108.0, 0.0, 0.0, 0.0
0.0, 0.0, 0.0, 0.0, 1.0, 0.0, 1.0, 123.0, 4.0, 0.0
3.0, 2.0, 1.0, 5.0, 2.0, 3.0, 8.0, 5.0, 75.0, 0.0
7.0, 1.0, 0.0, 21.0, 4.0, 3.0, 3.0, 11.0, 3.0, 61.0

Confusion Matrix
127.0, 0.0, 0.0, 0.0, 0.0, 0.0, 0.0, 0.0, 0.0, 0.0
0.0, 84.0, 2.0, 1.0, 0.0, 1.0, 13.0, 5.0, 5.0, 4.0
0.0, 4.0, 98.0, 3.0, 0.0, 0.0, 1.0, 2.0, 5.0, 0.0
1.0, 1.0, 1.0, 108.0, 0.0, 0.0, 0.0, 1.0, 1.0, 6.0
0.0, 3.0, 0.0, 0.0, 76.0, 0.0, 4.0, 5.0, 1.0, 0.0
0.0, 1.0, 0.0, 4.0, 2.0, 77.0, 0.0, 0.0, 1.0, 12.0
5.0, 0.0, 0.0, 0.0, 1.0, 0.0, 111.0, 0.0, 0.0, 0.0
0.0, 0.0, 0.0, 2.0, 0.0, 1.0, 0.0, 102.0, 2.0, 0.0
5.0, 8.0, 2.0, 4.0, 0.0, 2.0, 10.0, 3.0, 92.0, 1.0
6.0, 6.0, 0.0, 14.0, 8.0, 3.0, 0.0, 3.0, 1.0, 72.0

Confusion Matrix
99.0, 1.0, 0.0, 0.0, 1.0, 0.0, 2.0, 0.0, 0.0, 0.0
0.0, 107.0, 0.0, 0.0, 1.0, 0.0, 7.0, 1.0, 5.0, 3.0
1.0, 8.0, 75.0, 3.0, 0.0, 1.0, 1.0, 0.0, 9.0, 0.0
0.0, 3.0, 0.0, 100.0, 0.0, 9.0, 1.0, 3.0, 1.0, 6.0
1.0, 7.0, 0.0, 0.0, 85.0, 3.0, 7.0, 3.0, 3.0, 0.0
1.0, 3.0, 0.0, 5.0, 0.0, 104.0, 4.0, 0.0, 2.0, 3.0
1.0, 0.0, 0.0, 0.0, 0.0, 0.0, 112.0, 0.0, 0.0, 0.0
0.0, 2.0, 0.0, 1.0, 4.0, 3.0, 0.0, 101.0, 3.0, 0.0
3.0, 11.0, 0.0, 4.0, 1.0, 1.0, 6.0, 1.0, 81.0, 1.0
5.0, 4.0, 0.0, 13.0, 4.0, 12.0, 1.0, 3.0, 0.0, 67.0

Confusion Matrix
109.0, 0.0, 0.0, 0.0, 0.0, 0.0, 2.0, 0.0, 0.0, 0.0
0.0, 77.0, 3.0, 2.0, 3.0, 0.0, 33.0, 5.0, 1.0, 4.0
2.0, 2.0, 89.0, 4.0, 1.0, 0.0, 3.0, 6.0, 0.0, 0.0
0.0, 0.0, 0.0, 94.0, 0.0, 0.0, 0.0, 3.0, 2.0, 3.0
1.0, 1.0, 0.0, 0.0, 98.0, 0.0, 7.0, 3.0, 0.0, 1.0
3.0, 2.0, 2.0, 12.0, 2.0, 60.0, 7.0, 1.0, 1.0, 16.0
5.0, 0.0, 0.0, 0.0, 1.0, 0.0, 125.0, 0.0, 0.0, 0.0
0.0, 1.0, 0.0, 3.0, 6.0, 0.0, 0.0, 110.0, 1.0, 0.0
9.0, 6.0, 7.0, 2.0, 2.0, 0.0, 14.0, 3.0, 41.0, 7.0
7.0, 1.0, 0.0, 17.0, 7.0, 0.0, 1.0, 6.0, 2.0, 75.0

Confusion Matrix
110.0, 0.0, 0.0, 0.0, 1.0, 0.0, 2.0, 0.0, 0.0, 0.0
0.0, 85.0, 2.0, 3.0, 0.0, 0.0, 6.0, 0.0, 0.0, 4.0
1.0, 4.0, 106.0, 12.0, 0.0, 0.0, 5.0, 1.0, 1.0, 1.0
1.0, 0.0, 1.0, 119.0, 0.0, 1.0, 1.0, 1.0, 2.0, 1.0
3.0, 14.0, 0.0, 0.0, 73.0, 0.0, 15.0, 4.0, 1.0, 1.0
0.0, 4.0, 0.0, 15.0, 0.0, 65.0, 4.0, 0.0, 1.0, 6.0
0.0, 2.0, 0.0, 0.0, 0.0, 0.0, 116.0, 0.0, 0.0, 0.0
0.0, 9.0, 0.0, 12.0, 0.0, 0.0, 0.0, 93.0, 1.0, 0.0
3.0, 16.0, 3.0, 9.0, 1.0, 1.0, 10.0, 0.0, 50.0, 1.0
2.0, 6.0, 0.0, 30.0, 3.0, 4.0, 0.0, 3.0, 2.0, 70.0

Confusion Matrix
96.0, 0.0, 0.0, 0.0, 0.0, 0.0, 4.0, 0.0, 0.0, 0.0
0.0, 85.0, 2.0, 2.0, 1.0, 0.0, 6.0, 5.0, 1.0, 3.0
0.0, 11.0, 84.0, 7.0, 0.0, 0.0, 5.0, 4.0, 7.0, 1.0
0.0, 1.0, 0.0, 114.0, 0.0, 1.0, 0.0, 3.0, 1.0, 0.0
0.0, 7.0, 0.0, 0.0, 98.0, 0.0, 13.0, 5.0, 1.0, 0.0
3.0, 8.0, 0.0, 9.0, 0.0, 82.0, 4.0, 1.0, 2.0, 4.0
2.0, 1.0, 0.0, 0.0, 0.0, 0.0, 99.0, 0.0, 0.0, 0.0
0.0, 0.0, 0.0, 8.0, 3.0, 0.0, 0.0, 93.0, 0.0, 0.0
2.0, 10.0, 2.0, 11.0, 2.0, 0.0, 13.0, 2.0, 69.0, 2.0
9.0, 3.0, 0.0, 17.0, 6.0, 6.0, 1.0, 10.0, 1.0, 71.0

Confusion Matrix
111.0, 0.0, 0.0, 0.0, 1.0, 0.0, 4.0, 0.0, 0.0, 0.0
0.0, 82.0, 3.0, 3.0, 0.0, 0.0, 16.0, 2.0, 1.0, 2.0
1.0, 6.0, 80.0, 12.0, 0.0, 0.0, 4.0, 3.0, 1.0, 0.0
0.0, 1.0, 0.0, 107.0, 0.0, 0.0, 2.0, 2.0, 0.0, 1.0
3.0, 13.0, 0.0, 1.0, 64.0, 0.0, 33.0, 6.0, 0.0, 1.0
2.0, 1.0, 1.0, 15.0, 0.0, 78.0, 8.0, 0.0, 0.0, 13.0
1.0, 1.0, 0.0, 0.0, 0.0, 0.0, 109.0, 0.0, 0.0, 0.0
0.0, 2.0, 0.0, 4.0, 2.0, 1.0, 1.0, 90.0, 1.0, 0.0
10.0, 24.0, 3.0, 13.0, 1.0, 0.0, 12.0, 1.0, 51.0, 2.0
1.0, 3.0, 0.0, 28.0, 3.0, 2.0, 0.0, 3.0, 1.0, 70.0

Confusion Matrix
99.0, 0.0, 0.0, 0.0, 0.0, 0.0, 3.0, 0.0, 0.0, 0.0
0.0, 111.0, 2.0, 1.0, 0.0, 0.0, 2.0, 3.0, 4.0, 6.0
0.0, 4.0, 91.0, 19.0, 0.0, 0.0, 0.0, 2.0, 1.0, 4.0
0.0, 0.0, 0.0, 97.0, 0.0, 1.0, 0.0, 1.0, 2.0, 4.0
0.0, 10.0, 0.0, 0.0, 89.0, 0.0, 1.0, 10.0, 3.0, 3.0
1.0, 6.0, 0.0, 8.0, 2.0, 73.0, 1.0, 1.0, 1.0, 11.0
7.0, 3.0, 0.0, 0.0, 0.0, 0.0, 109.0, 0.0, 0.0, 0.0
0.0, 1.0, 0.0, 8.0, 2.0, 0.0, 0.0, 90.0, 1.0, 0.0
2.0, 16.0, 0.0, 5.0, 1.0, 0.0, 2.0, 2.0, 85.0, 4.0
2.0, 5.0, 0.0, 6.0, 7.0, 5.0, 2.0, 5.0, 3.0, 74.0