1593 Patterns Available (16x16)
Found 10 targets.
Constructing Centers and Sigmas...
Centers: [0, 1, 2, 3, 4, 5, 6, 7, 8, 9]
Mode[Train:1274]...
Time [26.9264sec]
Mode[Test:319]...
Time [6.6487sec]

Confusion Matrix
13.0, 0.0, 0.0, 0.0, 16.0, 1.0, 0.0, 0.0, 1.0, 0.0
0.0, 6.0, 0.0, 0.0, 19.0, 5.0, 0.0, 0.0, 0.0, 0.0
0.0, 0.0, 6.0, 0.0, 23.0, 3.0, 0.0, 0.0, 2.0, 0.0
0.0, 0.0, 17.0, 0.0, 9.0, 0.0, 0.0, 0.0, 0.0, 0.0
0.0, 2.0, 0.0, 0.0, 31.0, 4.0, 0.0, 0.0, 0.0, 0.0
0.0, 0.0, 1.0, 0.0, 23.0, 11.0, 0.0, 0.0, 0.0, 0.0
0.0, 0.0, 0.0, 0.0, 3.0, 16.0, 2.0, 0.0, 8.0, 0.0
0.0, 7.0, 0.0, 0.0, 26.0, 0.0, 0.0, 0.0, 0.0, 0.0
0.0, 0.0, 2.0, 0.0, 18.0, 2.0, 0.0, 0.0, 4.0, 0.0
0.0, 0.0, 0.0, 0.0, 38.0, 0.0, 0.0, 0.0, 0.0, 0.0

Key, Precision, Recall
0, 0.4194, 1.0
1, 0.2, 0.4
2, 0.1765, 0.2308
4, 0.8378, 0.1505
5, 0.3143, 0.2619
6, 0.069, 1.0
8, 0.1538, 0.2667
Overall Correct: 0.2288


Confusion Matrix
11.0, 0.0, 1.0, 0.0, 0.0, 0.0, 7.0, 0.0, 18.0, 0.0
0.0, 5.0, 0.0, 0.0, 0.0, 0.0, 2.0, 4.0, 21.0, 0.0
0.0, 0.0, 3.0, 0.0, 0.0, 0.0, 8.0, 0.0, 18.0, 0.0
0.0, 0.0, 15.0, 0.0, 0.0, 0.0, 1.0, 0.0, 11.0, 0.0
0.0, 2.0, 1.0, 0.0, 10.0, 0.0, 4.0, 0.0, 24.0, 0.0
0.0, 0.0, 2.0, 0.0, 0.0, 0.0, 18.0, 0.0, 5.0, 0.0
0.0, 0.0, 2.0, 0.0, 0.0, 0.0, 25.0, 0.0, 7.0, 0.0
0.0, 0.0, 0.0, 0.0, 0.0, 0.0, 0.0, 3.0, 26.0, 0.0
0.0, 0.0, 0.0, 0.0, 0.0, 0.0, 0.0, 0.0, 35.0, 0.0
0.0, 0.0, 0.0, 0.0, 0.0, 0.0, 0.0, 0.0, 30.0, 0.0

Key, Precision, Recall
0, 0.2973, 1.0
1, 0.1563, 0.7143
2, 0.1034, 0.125
4, 0.2439, 1.0
6, 0.7353, 0.3846
7, 0.1034, 0.4286
8, 1.0, 0.1795
Overall Correct: 0.2884


Confusion Matrix
17.0, 0.0, 0.0, 0.0, 15.0, 0.0, 8.0, 0.0, 1.0, 0.0
0.0, 7.0, 0.0, 0.0, 31.0, 0.0, 1.0, 2.0, 0.0, 0.0
0.0, 0.0, 6.0, 0.0, 16.0, 0.0, 6.0, 0.0, 2.0, 0.0
0.0, 0.0, 17.0, 0.0, 13.0, 0.0, 2.0, 0.0, 0.0, 0.0
0.0, 3.0, 0.0, 0.0, 29.0, 0.0, 1.0, 0.0, 0.0, 0.0
0.0, 0.0, 0.0, 0.0, 19.0, 0.0, 13.0, 0.0, 0.0, 0.0
0.0, 0.0, 2.0, 0.0, 2.0, 0.0, 18.0, 0.0, 6.0, 0.0
0.0, 0.0, 0.0, 0.0, 17.0, 0.0, 0.0, 3.0, 0.0, 0.0
0.0, 0.0, 0.0, 0.0, 22.0, 0.0, 2.0, 0.0, 3.0, 0.0
0.0, 0.0, 1.0, 0.0, 33.0, 0.0, 1.0, 0.0, 0.0, 0.0

Key, Precision, Recall
0, 0.4146, 1.0
1, 0.1707, 0.7
2, 0.2, 0.2308
4, 0.8788, 0.1472
6, 0.6429, 0.3462
7, 0.15, 0.6
8, 0.1111, 0.25
Overall Correct: 0.2602


Confusion Matrix
16.0, 0.0, 0.0, 0.0, 0.0, 1.0, 0.0, 0.0, 14.0, 0.0
0.0, 9.0, 0.0, 0.0, 0.0, 2.0, 0.0, 0.0, 20.0, 0.0
0.0, 0.0, 6.0, 0.0, 0.0, 5.0, 0.0, 0.0, 16.0, 0.0
0.0, 0.0, 13.0, 0.0, 0.0, 2.0, 0.0, 0.0, 19.0, 0.0
0.0, 2.0, 0.0, 0.0, 8.0, 4.0, 0.0, 0.0, 18.0, 0.0
0.0, 0.0, 2.0, 0.0, 0.0, 13.0, 0.0, 0.0, 12.0, 0.0
0.0, 0.0, 3.0, 0.0, 0.0, 11.0, 6.0, 0.0, 14.0, 0.0
0.0, 8.0, 0.0, 0.0, 0.0, 1.0, 0.0, 0.0, 25.0, 0.0
0.0, 0.0, 1.0, 0.0, 0.0, 1.0, 0.0, 0.0, 34.0, 0.0
0.0, 0.0, 0.0, 0.0, 0.0, 0.0, 0.0, 0.0, 33.0, 0.0

Key, Precision, Recall
0, 0.5161, 1.0
1, 0.2903, 0.4737
2, 0.2222, 0.24
4, 0.25, 1.0
5, 0.4815, 0.325
6, 0.1765, 1.0
8, 0.9444, 0.1659
Overall Correct: 0.2884


Confusion Matrix
14.0, 0.0, 14.0, 0.0, 0.0, 0.0, 6.0, 0.0, 0.0, 0.0
0.0, 4.0, 14.0, 0.0, 9.0, 0.0, 5.0, 0.0, 0.0, 0.0
0.0, 0.0, 15.0, 5.0, 0.0, 0.0, 13.0, 0.0, 0.0, 0.0
0.0, 0.0, 13.0, 19.0, 0.0, 0.0, 1.0, 0.0, 0.0, 0.0
0.0, 1.0, 20.0, 1.0, 9.0, 0.0, 2.0, 0.0, 0.0, 0.0
0.0, 0.0, 13.0, 2.0, 0.0, 0.0, 22.0, 0.0, 0.0, 0.0
1.0, 0.0, 7.0, 1.0, 0.0, 0.0, 19.0, 0.0, 0.0, 0.0
0.0, 7.0, 25.0, 0.0, 1.0, 0.0, 2.0, 0.0, 0.0, 0.0
0.0, 0.0, 12.0, 0.0, 0.0, 0.0, 12.0, 0.0, 0.0, 0.0
0.0, 0.0, 29.0, 1.0, 0.0, 0.0, 0.0, 0.0, 0.0, 0.0

Key, Precision, Recall
0, 0.4118, 0.9333
1, 0.125, 0.3333
2, 0.4545, 0.0926
3, 0.5758, 0.6552
4, 0.2727, 0.4737
6, 0.6786, 0.2317
Overall Correct: 0.2508


Confusion Matrix
13.0, 0.0, 18.0, 0.0, 0.0, 4.0, 0.0, 0.0, 0.0, 0.0
0.0, 4.0, 26.0, 0.0, 0.0, 5.0, 0.0, 0.0, 0.0, 0.0
0.0, 0.0, 29.0, 0.0, 0.0, 3.0, 3.0, 0.0, 0.0, 0.0
0.0, 0.0, 27.0, 0.0, 0.0, 2.0, 0.0, 0.0, 0.0, 0.0
0.0, 0.0, 25.0, 0.0, 6.0, 3.0, 0.0, 4.0, 0.0, 0.0
0.0, 0.0, 10.0, 0.0, 0.0, 16.0, 0.0, 0.0, 0.0, 0.0
0.0, 0.0, 7.0, 0.0, 0.0, 11.0, 11.0, 0.0, 0.0, 0.0
0.0, 4.0, 26.0, 0.0, 0.0, 1.0, 0.0, 0.0, 0.0, 0.0
0.0, 0.0, 22.0, 0.0, 0.0, 1.0, 13.0, 0.0, 0.0, 0.0
0.0, 0.0, 23.0, 0.0, 0.0, 2.0, 0.0, 0.0, 0.0, 0.0

Key, Precision, Recall
0, 0.3714, 1.0
1, 0.1143, 0.5
2, 0.8286, 0.1362
4, 0.1579, 1.0
5, 0.6154, 0.3333
6, 0.3793, 0.4074
7, 0.0, 0.0
Overall Correct: 0.2476


Confusion Matrix
16.0, 0.0, 17.0, 1.0, 0.0, 0.0, 0.0, 0.0, 0.0, 0.0
0.0, 4.0, 25.0, 1.0, 0.0, 0.0, 0.0, 2.0, 0.0, 0.0
0.0, 0.0, 20.0, 4.0, 0.0, 0.0, 0.0, 0.0, 2.0, 0.0
0.0, 0.0, 8.0, 19.0, 0.0, 0.0, 0.0, 0.0, 0.0, 0.0
0.0, 3.0, 27.0, 0.0, 7.0, 0.0, 0.0, 0.0, 0.0, 0.0
0.0, 0.0, 39.0, 1.0, 0.0, 0.0, 0.0, 0.0, 0.0, 0.0
0.0, 0.0, 24.0, 1.0, 0.0, 0.0, 2.0, 0.0, 6.0, 0.0
0.0, 0.0, 25.0, 0.0, 0.0, 0.0, 0.0, 4.0, 0.0, 0.0
0.0, 0.0, 19.0, 3.0, 0.0, 0.0, 0.0, 0.0, 5.0, 0.0
0.0, 0.0, 34.0, 0.0, 0.0, 0.0, 0.0, 0.0, 0.0, 0.0

Key, Precision, Recall
0, 0.4706, 1.0
1, 0.125, 0.5714
2, 0.7692, 0.084
3, 0.7037, 0.6333
4, 0.1892, 1.0
6, 0.0606, 1.0
7, 0.1379, 0.6667
8, 0.1852, 0.3846
Overall Correct: 0.2414


Confusion Matrix
13.0, 8.0, 1.0, 1.0, 0.0, 6.0, 0.0, 0.0, 1.0, 0.0
0.0, 11.0, 0.0, 0.0, 7.0, 7.0, 0.0, 2.0, 0.0, 0.0
0.0, 19.0, 4.0, 4.0, 0.0, 6.0, 0.0, 0.0, 3.0, 0.0
0.0, 8.0, 2.0, 15.0, 0.0, 2.0, 0.0, 0.0, 0.0, 0.0
0.0, 18.0, 1.0, 0.0, 10.0, 6.0, 0.0, 1.0, 0.0, 0.0
0.0, 10.0, 4.0, 1.0, 0.0, 17.0, 0.0, 0.0, 0.0, 0.0
0.0, 5.0, 0.0, 3.0, 0.0, 22.0, 5.0, 0.0, 3.0, 0.0
0.0, 24.0, 0.0, 0.0, 0.0, 1.0, 0.0, 6.0, 0.0, 0.0
0.0, 12.0, 1.0, 1.0, 0.0, 2.0, 0.0, 0.0, 11.0, 0.0
0.0, 34.0, 0.0, 1.0, 0.0, 0.0, 0.0, 0.0, 0.0, 0.0

Key, Precision, Recall
0, 0.4333, 1.0
1, 0.4074, 0.0738
2, 0.1111, 0.3077
3, 0.5556, 0.5769
4, 0.2778, 0.5882
5, 0.5313, 0.2464
6, 0.1316, 1.0
7, 0.1935, 0.6667
8, 0.4074, 0.6111
Overall Correct: 0.2884


Confusion Matrix
9.0, 0.0, 0.0, 0.0, 6.0, 0.0, 0.0, 0.0, 1.0, 17.0
0.0, 6.0, 0.0, 0.0, 2.0, 0.0, 0.0, 4.0, 0.0, 23.0
0.0, 0.0, 3.0, 0.0, 4.0, 0.0, 0.0, 0.0, 3.0, 16.0
0.0, 0.0, 16.0, 0.0, 4.0, 0.0, 0.0, 0.0, 0.0, 18.0
0.0, 2.0, 0.0, 0.0, 5.0, 0.0, 0.0, 0.0, 0.0, 23.0
0.0, 0.0, 0.0, 0.0, 20.0, 0.0, 0.0, 0.0, 0.0, 6.0
0.0, 0.0, 1.0, 0.0, 18.0, 0.0, 4.0, 0.0, 9.0, 6.0
0.0, 0.0, 0.0, 0.0, 0.0, 0.0, 0.0, 4.0, 0.0, 24.0
0.0, 0.0, 2.0, 0.0, 1.0, 0.0, 0.0, 0.0, 11.0, 20.0
0.0, 0.0, 0.0, 0.0, 0.0, 0.0, 0.0, 0.0, 0.0, 31.0

Key, Precision, Recall
0, 0.2727, 1.0
1, 0.1714, 0.75
2, 0.1154, 0.1364
4, 0.1667, 0.0833
6, 0.1053, 1.0
7, 0.1429, 0.5
8, 0.3235, 0.4583
9, 1.0, 0.1685
Overall Correct: 0.2288


Confusion Matrix
11.0, 5.0, 0.0, 0.0, 0.0, 0.0, 0.0, 0.0, 23.0, 0.0
0.0, 9.0, 0.0, 0.0, 0.0, 0.0, 0.0, 1.0, 23.0, 0.0
0.0, 4.0, 8.0, 6.0, 0.0, 0.0, 0.0, 0.0, 18.0, 0.0
0.0, 0.0, 0.0, 15.0, 0.0, 0.0, 0.0, 0.0, 14.0, 0.0
0.0, 4.0, 0.0, 1.0, 6.0, 0.0, 0.0, 0.0, 24.0, 0.0
0.0, 15.0, 0.0, 0.0, 0.0, 0.0, 0.0, 0.0, 12.0, 0.0
0.0, 22.0, 3.0, 3.0, 0.0, 0.0, 2.0, 0.0, 3.0, 0.0
0.0, 3.0, 0.0, 0.0, 0.0, 0.0, 0.0, 3.0, 24.0, 0.0
0.0, 2.0, 7.0, 0.0, 0.0, 0.0, 0.0, 0.0, 15.0, 0.0
0.0, 1.0, 0.0, 0.0, 0.0, 0.0, 0.0, 0.0, 32.0, 0.0

Key, Precision, Recall
0, 0.2821, 1.0
1, 0.2727, 0.1385
2, 0.2222, 0.4444
3, 0.5172, 0.6
4, 0.1714, 1.0
6, 0.0606, 1.0
7, 0.1, 0.75
8, 0.625, 0.0798
Overall Correct: 0.2163