20000 Patterns Available (1x16)
Found 26 targets.
Constructing Centers and Sigmas...
Centers: [A, B, C, D, E, F, G, H, I, J, K, L, M, N, O, P, Q, R, S, T, U, V, W, X, Y, Z]
Mode[Train:16000]...
Time [45.0399sec]
Mode[Test:4000]...
Time [8.5332sec]

Confusion Matrix
114.0, 0.0, 0.0, 0.0, 0.0, 0.0, 0.0, 0.0, 25.0, 0.0, 0.0, 0.0, 0.0, 0.0, 0.0, 0.0, 1.0, 11.0, 0.0, 0.0, 9.0, 0.0, 0.0, 0.0, 0.0, 0.0
0.0, 0.0, 0.0, 2.0, 0.0, 0.0, 0.0, 0.0, 35.0, 0.0, 0.0, 0.0, 0.0, 0.0, 0.0, 0.0, 19.0, 72.0, 0.0, 0.0, 17.0, 1.0, 0.0, 0.0, 0.0, 1.0
0.0, 0.0, 95.0, 0.0, 0.0, 1.0, 0.0, 0.0, 7.0, 0.0, 4.0, 0.0, 0.0, 0.0, 1.0, 1.0, 6.0, 14.0, 0.0, 0.0, 18.0, 0.0, 0.0, 0.0, 0.0, 0.0
0.0, 0.0, 2.0, 36.0, 0.0, 0.0, 0.0, 0.0, 41.0, 0.0, 3.0, 0.0, 1.0, 0.0, 26.0, 2.0, 2.0, 15.0, 0.0, 0.0, 22.0, 0.0, 0.0, 0.0, 0.0, 0.0
0.0, 0.0, 21.0, 0.0, 0.0, 0.0, 0.0, 0.0, 46.0, 0.0, 7.0, 0.0, 0.0, 0.0, 0.0, 0.0, 15.0, 28.0, 17.0, 0.0, 12.0, 0.0, 0.0, 0.0, 0.0, 7.0
0.0, 0.0, 0.0, 0.0, 0.0, 70.0, 0.0, 0.0, 48.0, 0.0, 0.0, 0.0, 0.0, 0.0, 0.0, 7.0, 0.0, 10.0, 0.0, 0.0, 4.0, 0.0, 0.0, 0.0, 0.0, 0.0
1.0, 0.0, 16.0, 3.0, 0.0, 0.0, 0.0, 0.0, 2.0, 0.0, 40.0, 0.0, 0.0, 0.0, 0.0, 0.0, 39.0, 21.0, 0.0, 0.0, 19.0, 0.0, 0.0, 0.0, 1.0, 4.0
0.0, 0.0, 0.0, 19.0, 0.0, 0.0, 0.0, 0.0, 36.0, 0.0, 3.0, 0.0, 9.0, 1.0, 11.0, 1.0, 13.0, 11.0, 0.0, 0.0, 38.0, 0.0, 0.0, 0.0, 1.0, 1.0
0.0, 0.0, 3.0, 0.0, 0.0, 0.0, 0.0, 0.0, 139.0, 0.0, 0.0, 0.0, 0.0, 0.0, 0.0, 0.0, 0.0, 4.0, 1.0, 0.0, 4.0, 0.0, 0.0, 0.0, 0.0, 0.0
0.0, 0.0, 0.0, 0.0, 0.0, 0.0, 0.0, 0.0, 111.0, 27.0, 0.0, 0.0, 0.0, 0.0, 1.0, 0.0, 0.0, 9.0, 0.0, 0.0, 6.0, 0.0, 0.0, 0.0, 0.0, 3.0
0.0, 0.0, 1.0, 5.0, 0.0, 0.0, 0.0, 0.0, 44.0, 0.0, 39.0, 0.0, 1.0, 0.0, 0.0, 3.0, 13.0, 11.0, 0.0, 0.0, 17.0, 0.0, 0.0, 0.0, 0.0, 0.0
2.0, 0.0, 0.0, 0.0, 0.0, 0.0, 0.0, 0.0, 67.0, 0.0, 0.0, 55.0, 0.0, 0.0, 0.0, 0.0, 5.0, 14.0, 0.0, 0.0, 7.0, 0.0, 0.0, 0.0, 0.0, 0.0
4.0, 0.0, 0.0, 28.0, 0.0, 0.0, 0.0, 0.0, 25.0, 0.0, 1.0, 0.0, 62.0, 5.0, 1.0, 0.0, 0.0, 1.0, 0.0, 0.0, 28.0, 0.0, 4.0, 0.0, 0.0, 0.0
0.0, 0.0, 0.0, 42.0, 0.0, 0.0, 0.0, 0.0, 28.0, 0.0, 1.0, 0.0, 28.0, 10.0, 4.0, 0.0, 4.0, 1.0, 0.0, 0.0, 52.0, 0.0, 2.0, 0.0, 0.0, 0.0
0.0, 0.0, 0.0, 10.0, 0.0, 0.0, 0.0, 0.0, 32.0, 0.0, 6.0, 0.0, 1.0, 0.0, 15.0, 0.0, 55.0, 11.0, 0.0, 0.0, 25.0, 0.0, 0.0, 0.0, 0.0, 0.0
0.0, 0.0, 1.0, 1.0, 0.0, 11.0, 0.0, 0.0, 35.0, 0.0, 8.0, 0.0, 0.0, 0.0, 0.0, 66.0, 1.0, 5.0, 0.0, 0.0, 17.0, 0.0, 0.0, 0.0, 0.0, 0.0
0.0, 0.0, 0.0, 1.0, 0.0, 0.0, 0.0, 0.0, 11.0, 0.0, 23.0, 0.0, 0.0, 0.0, 0.0, 0.0, 24.0, 52.0, 0.0, 0.0, 18.0, 0.0, 0.0, 0.0, 3.0, 0.0
0.0, 0.0, 0.0, 5.0, 0.0, 0.0, 0.0, 0.0, 33.0, 0.0, 25.0, 0.0, 4.0, 0.0, 1.0, 0.0, 15.0, 51.0, 0.0, 0.0, 25.0, 0.0, 0.0, 0.0, 0.0, 0.0
6.0, 0.0, 0.0, 1.0, 0.0, 0.0, 0.0, 0.0, 73.0, 0.0, 0.0, 0.0, 1.0, 0.0, 0.0, 1.0, 1.0, 26.0, 40.0, 0.0, 2.0, 0.0, 0.0, 0.0, 1.0, 14.0
0.0, 0.0, 0.0, 0.0, 0.0, 58.0, 0.0, 0.0, 59.0, 0.0, 0.0, 0.0, 0.0, 0.0, 0.0, 10.0, 1.0, 7.0, 0.0, 0.0, 17.0, 3.0, 0.0, 0.0, 41.0, 2.0
0.0, 0.0, 6.0, 4.0, 0.0, 0.0, 0.0, 0.0, 12.0, 0.0, 18.0, 0.0, 2.0, 0.0, 1.0, 0.0, 4.0, 5.0, 0.0, 0.0, 131.0, 0.0, 0.0, 0.0, 0.0, 0.0
0.0, 0.0, 0.0, 2.0, 0.0, 16.0, 0.0, 0.0, 1.0, 0.0, 0.0, 0.0, 2.0, 0.0, 0.0, 4.0, 0.0, 2.0, 0.0, 0.0, 35.0, 21.0, 12.0, 0.0, 51.0, 0.0
0.0, 0.0, 0.0, 1.0, 0.0, 0.0, 0.0, 0.0, 11.0, 0.0, 0.0, 0.0, 6.0, 0.0, 0.0, 0.0, 0.0, 0.0, 0.0, 0.0, 41.0, 10.0, 74.0, 0.0, 7.0, 0.0
0.0, 0.0, 0.0, 0.0, 0.0, 0.0, 0.0, 0.0, 94.0, 0.0, 0.0, 0.0, 0.0, 0.0, 0.0, 2.0, 13.0, 12.0, 8.0, 0.0, 14.0, 0.0, 0.0, 0.0, 0.0, 28.0
0.0, 0.0, 0.0, 0.0, 0.0, 39.0, 0.0, 0.0, 12.0, 0.0, 0.0, 0.0, 1.0, 0.0, 0.0, 1.0, 0.0, 5.0, 0.0, 0.0, 37.0, 8.0, 0.0, 0.0, 52.0, 1.0
0.0, 0.0, 0.0, 0.0, 0.0, 0.0, 0.0, 0.0, 57.0, 0.0, 0.0, 0.0, 0.0, 0.0, 0.0, 1.0, 0.0, 10.0, 55.0, 0.0, 3.0, 0.0, 0.0, 0.0, 0.0, 4.0

Key, Precision, Recall
A, 0.7125, 0.8976
C, 0.6463, 0.6552
D, 0.24, 0.225
F, 0.5036, 0.359
I, 0.9205, 0.1282
J, 0.172, 1.0
K, 0.291, 0.2191
L, 0.3667, 1.0
M, 0.3899, 0.5254
N, 0.0581, 0.625
O, 0.0968, 0.2459
P, 0.4552, 0.6667
Q, 0.1818, 0.1039
R, 0.3208, 0.125
S, 0.241, 0.3306
U, 0.7158, 0.212
V, 0.1438, 0.4884
W, 0.4933, 0.8043
Y, 0.3333, 0.3312
Z, 0.0308, 0.0615
Overall Correct: 0.2813


Confusion Matrix
93.0, 0.0, 0.0, 3.0, 0.0, 0.0, 0.0, 0.0, 7.0, 0.0, 0.0, 5.0, 5.0, 2.0, 3.0, 0.0, 0.0, 8.0, 2.0, 0.0, 0.0, 0.0, 1.0, 0.0, 0.0, 0.0
0.0, 37.0, 0.0, 16.0, 20.0, 0.0, 0.0, 0.0, 13.0, 0.0, 0.0, 0.0, 25.0, 0.0, 0.0, 0.0, 3.0, 15.0, 28.0, 0.0, 0.0, 0.0, 0.0, 0.0, 0.0, 2.0
0.0, 2.0, 94.0, 7.0, 1.0, 0.0, 0.0, 0.0, 5.0, 0.0, 0.0, 0.0, 1.0, 0.0, 0.0, 3.0, 0.0, 13.0, 13.0, 1.0, 3.0, 0.0, 0.0, 0.0, 0.0, 0.0
1.0, 11.0, 2.0, 41.0, 4.0, 0.0, 0.0, 0.0, 23.0, 0.0, 0.0, 0.0, 32.0, 2.0, 0.0, 0.0, 14.0, 6.0, 27.0, 0.0, 0.0, 0.0, 0.0, 0.0, 0.0, 1.0
0.0, 14.0, 28.0, 13.0, 7.0, 0.0, 0.0, 0.0, 28.0, 0.0, 0.0, 8.0, 7.0, 0.0, 0.0, 0.0, 0.0, 9.0, 31.0, 0.0, 1.0, 0.0, 0.0, 0.0, 0.0, 22.0
0.0, 0.0, 0.0, 3.0, 0.0, 19.0, 0.0, 0.0, 12.0, 0.0, 0.0, 9.0, 6.0, 1.0, 0.0, 38.0, 0.0, 8.0, 15.0, 36.0, 3.0, 2.0, 0.0, 0.0, 0.0, 0.0
0.0, 26.0, 28.0, 21.0, 17.0, 0.0, 0.0, 0.0, 2.0, 0.0, 0.0, 0.0, 3.0, 1.0, 0.0, 0.0, 2.0, 22.0, 17.0, 0.0, 0.0, 2.0, 0.0, 0.0, 0.0, 2.0
0.0, 2.0, 0.0, 30.0, 0.0, 0.0, 0.0, 0.0, 13.0, 0.0, 0.0, 2.0, 40.0, 17.0, 1.0, 0.0, 7.0, 12.0, 15.0, 0.0, 8.0, 0.0, 2.0, 0.0, 0.0, 0.0
0.0, 0.0, 1.0, 6.0, 0.0, 0.0, 0.0, 0.0, 121.0, 0.0, 0.0, 29.0, 7.0, 0.0, 0.0, 0.0, 0.0, 1.0, 8.0, 0.0, 0.0, 0.0, 0.0, 0.0, 0.0, 4.0
0.0, 0.0, 0.0, 10.0, 0.0, 0.0, 0.0, 0.0, 56.0, 29.0, 0.0, 51.0, 3.0, 0.0, 0.0, 0.0, 0.0, 1.0, 10.0, 0.0, 0.0, 0.0, 0.0, 0.0, 0.0, 1.0
0.0, 4.0, 6.0, 20.0, 6.0, 0.0, 0.0, 0.0, 12.0, 0.0, 33.0, 6.0, 16.0, 0.0, 0.0, 0.0, 6.0, 4.0, 16.0, 0.0, 18.0, 0.0, 1.0, 0.0, 0.0, 0.0
2.0, 6.0, 0.0, 7.0, 0.0, 0.0, 0.0, 0.0, 11.0, 0.0, 0.0, 104.0, 1.0, 0.0, 0.0, 0.0, 0.0, 12.0, 7.0, 0.0, 0.0, 0.0, 0.0, 0.0, 0.0, 0.0
8.0, 0.0, 0.0, 0.0, 0.0, 0.0, 0.0, 0.0, 0.0, 0.0, 1.0, 2.0, 81.0, 34.0, 1.0, 0.0, 0.0, 10.0, 0.0, 0.0, 1.0, 2.0, 9.0, 0.0, 0.0, 0.0
0.0, 0.0, 0.0, 26.0, 0.0, 0.0, 0.0, 0.0, 0.0, 0.0, 3.0, 1.0, 49.0, 35.0, 5.0, 0.0, 7.0, 10.0, 1.0, 0.0, 10.0, 0.0, 8.0, 0.0, 0.0, 0.0
0.0, 13.0, 0.0, 72.0, 13.0, 0.0, 0.0, 0.0, 7.0, 0.0, 0.0, 3.0, 4.0, 8.0, 1.0, 0.0, 4.0, 7.0, 14.0, 0.0, 1.0, 0.0, 0.0, 0.0, 0.0, 0.0
0.0, 1.0, 2.0, 9.0, 0.0, 0.0, 0.0, 0.0, 13.0, 0.0, 0.0, 3.0, 9.0, 1.0, 0.0, 101.0, 0.0, 19.0, 5.0, 3.0, 0.0, 1.0, 3.0, 0.0, 0.0, 0.0
1.0, 34.0, 0.0, 32.0, 9.0, 0.0, 0.0, 0.0, 8.0, 0.0, 0.0, 1.0, 8.0, 1.0, 0.0, 1.0, 7.0, 39.0, 23.0, 0.0, 0.0, 0.0, 0.0, 0.0, 0.0, 3.0
1.0, 6.0, 0.0, 22.0, 5.0, 0.0, 0.0, 0.0, 13.0, 0.0, 17.0, 0.0, 22.0, 2.0, 0.0, 0.0, 8.0, 32.0, 24.0, 0.0, 0.0, 0.0, 0.0, 0.0, 0.0, 0.0
1.0, 0.0, 0.0, 9.0, 3.0, 0.0, 0.0, 0.0, 36.0, 0.0, 0.0, 11.0, 6.0, 0.0, 0.0, 0.0, 0.0, 5.0, 40.0, 1.0, 1.0, 0.0, 0.0, 0.0, 0.0, 38.0
0.0, 0.0, 0.0, 4.0, 0.0, 25.0, 0.0, 0.0, 36.0, 0.0, 0.0, 12.0, 0.0, 0.0, 0.0, 8.0, 0.0, 7.0, 4.0, 36.0, 0.0, 28.0, 0.0, 0.0, 0.0, 0.0
0.0, 1.0, 13.0, 21.0, 0.0, 0.0, 0.0, 0.0, 0.0, 0.0, 0.0, 0.0, 9.0, 27.0, 1.0, 0.0, 1.0, 9.0, 3.0, 2.0, 64.0, 2.0, 2.0, 0.0, 0.0, 0.0
0.0, 0.0, 0.0, 2.0, 0.0, 0.0, 0.0, 0.0, 2.0, 0.0, 0.0, 0.0, 2.0, 4.0, 0.0, 3.0, 0.0, 14.0, 5.0, 12.0, 2.0, 92.0, 11.0, 0.0, 0.0, 0.0
0.0, 0.0, 0.0, 0.0, 0.0, 0.0, 0.0, 0.0, 0.0, 0.0, 0.0, 0.0, 10.0, 26.0, 0.0, 0.0, 0.0, 6.0, 0.0, 3.0, 0.0, 9.0, 86.0, 0.0, 0.0, 0.0
2.0, 0.0, 0.0, 17.0, 6.0, 0.0, 0.0, 0.0, 24.0, 0.0, 1.0, 16.0, 10.0, 0.0, 0.0, 0.0, 1.0, 4.0, 57.0, 0.0, 8.0, 0.0, 1.0, 0.0, 0.0, 11.0
0.0, 0.0, 2.0, 4.0, 0.0, 11.0, 0.0, 0.0, 1.0, 0.0, 0.0, 4.0, 3.0, 0.0, 0.0, 1.0, 0.0, 28.0, 3.0, 22.0, 6.0, 77.0, 5.0, 0.0, 0.0, 0.0
1.0, 0.0, 0.0, 1.0, 0.0, 0.0, 0.0, 0.0, 39.0, 0.0, 0.0, 19.0, 4.0, 0.0, 0.0, 0.0, 0.0, 1.0, 18.0, 0.0, 1.0, 1.0, 0.0, 0.0, 0.0, 52.0

Key, Precision, Recall
A, 0.7209, 0.8455
B, 0.2327, 0.2357
C, 0.6573, 0.5341
D, 0.25, 0.1035
E, 0.0417, 0.0769
F, 0.125, 0.3455
I, 0.6836, 0.251
J, 0.1801, 1.0
K, 0.223, 0.6
L, 0.6933, 0.3636
M, 0.5436, 0.2231
N, 0.2258, 0.2174
O, 0.0068, 0.0833
P, 0.5941, 0.6516
Q, 0.0419, 0.1167
R, 0.2105, 0.106
S, 0.2649, 0.1036
T, 0.225, 0.3103
U, 0.4129, 0.5039
V, 0.6174, 0.4259
W, 0.6143, 0.6667
Z, 0.3796, 0.3824
Overall Correct: 0.3013


Confusion Matrix
107.0, 26.0, 0.0, 0.0, 5.0, 0.0, 0.0, 0.0, 0.0, 17.0, 0.0, 0.0, 1.0, 0.0, 1.0, 0.0, 0.0, 0.0, 0.0, 0.0, 3.0, 0.0, 3.0, 0.0, 0.0, 0.0
0.0, 45.0, 0.0, 0.0, 49.0, 0.0, 5.0, 0.0, 0.0, 0.0, 0.0, 0.0, 0.0, 0.0, 0.0, 0.0, 0.0, 32.0, 0.0, 0.0, 0.0, 0.0, 2.0, 14.0, 0.0, 0.0
0.0, 1.0, 64.0, 0.0, 39.0, 0.0, 0.0, 0.0, 0.0, 0.0, 0.0, 0.0, 0.0, 0.0, 8.0, 1.0, 0.0, 5.0, 0.0, 0.0, 13.0, 0.0, 5.0, 0.0, 0.0, 0.0
0.0, 64.0, 0.0, 0.0, 13.0, 0.0, 0.0, 0.0, 0.0, 2.0, 0.0, 0.0, 3.0, 0.0, 7.0, 0.0, 0.0, 31.0, 0.0, 0.0, 6.0, 0.0, 0.0, 25.0, 0.0, 0.0
0.0, 16.0, 1.0, 0.0, 79.0, 0.0, 4.0, 0.0, 0.0, 2.0, 0.0, 0.0, 0.0, 0.0, 2.0, 0.0, 0.0, 20.0, 0.0, 0.0, 1.0, 0.0, 2.0, 24.0, 0.0, 0.0
0.0, 29.0, 0.0, 0.0, 17.0, 38.0, 0.0, 0.0, 0.0, 8.0, 0.0, 0.0, 0.0, 0.0, 0.0, 20.0, 0.0, 2.0, 0.0, 0.0, 26.0, 0.0, 1.0, 9.0, 0.0, 0.0
1.0, 18.0, 11.0, 0.0, 47.0, 0.0, 3.0, 0.0, 0.0, 0.0, 0.0, 0.0, 2.0, 1.0, 16.0, 0.0, 0.0, 38.0, 0.0, 0.0, 17.0, 0.0, 2.0, 0.0, 0.0, 0.0
0.0, 29.0, 0.0, 0.0, 13.0, 0.0, 0.0, 0.0, 0.0, 0.0, 0.0, 0.0, 20.0, 2.0, 10.0, 2.0, 0.0, 17.0, 0.0, 0.0, 40.0, 0.0, 7.0, 15.0, 0.0, 0.0
0.0, 23.0, 0.0, 0.0, 69.0, 0.0, 0.0, 0.0, 0.0, 45.0, 0.0, 0.0, 0.0, 0.0, 0.0, 0.0, 0.0, 1.0, 0.0, 0.0, 0.0, 0.0, 0.0, 15.0, 0.0, 0.0
0.0, 35.0, 0.0, 0.0, 8.0, 0.0, 0.0, 0.0, 0.0, 98.0, 0.0, 0.0, 1.0, 0.0, 0.0, 0.0, 0.0, 1.0, 0.0, 0.0, 0.0, 0.0, 0.0, 10.0, 0.0, 0.0
0.0, 33.0, 5.0, 0.0, 27.0, 0.0, 0.0, 0.0, 0.0, 0.0, 0.0, 0.0, 1.0, 0.0, 17.0, 0.0, 0.0, 26.0, 0.0, 0.0, 27.0, 0.0, 1.0, 17.0, 0.0, 0.0
6.0, 25.0, 0.0, 0.0, 47.0, 0.0, 0.0, 0.0, 0.0, 18.0, 0.0, 57.0, 0.0, 0.0, 3.0, 0.0, 0.0, 5.0, 0.0, 0.0, 0.0, 0.0, 3.0, 2.0, 0.0, 0.0
5.0, 5.0, 0.0, 0.0, 1.0, 0.0, 3.0, 0.0, 0.0, 0.0, 0.0, 0.0, 109.0, 0.0, 2.0, 0.0, 0.0, 3.0, 0.0, 0.0, 17.0, 0.0, 10.0, 1.0, 0.0, 0.0
0.0, 29.0, 0.0, 0.0, 0.0, 0.0, 0.0, 0.0, 0.0, 0.0, 0.0, 0.0, 50.0, 8.0, 5.0, 4.0, 0.0, 6.0, 0.0, 0.0, 44.0, 0.0, 9.0, 9.0, 0.0, 0.0
0.0, 34.0, 0.0, 0.0, 12.0, 0.0, 0.0, 0.0, 0.0, 0.0, 0.0, 0.0, 3.0, 0.0, 39.0, 0.0, 0.0, 11.0, 0.0, 0.0, 48.0, 0.0, 11.0, 2.0, 0.0, 0.0
0.0, 21.0, 0.0, 0.0, 7.0, 8.0, 2.0, 0.0, 0.0, 8.0, 0.0, 0.0, 0.0, 1.0, 5.0, 61.0, 0.0, 21.0, 0.0, 0.0, 4.0, 0.0, 11.0, 9.0, 0.0, 0.0
0.0, 32.0, 0.0, 0.0, 17.0, 0.0, 4.0, 0.0, 0.0, 0.0, 0.0, 0.0, 1.0, 0.0, 17.0, 0.0, 0.0, 53.0, 0.0, 0.0, 22.0, 0.0, 6.0, 0.0, 1.0, 0.0
0.0, 58.0, 0.0, 0.0, 9.0, 0.0, 0.0, 0.0, 0.0, 1.0, 0.0, 0.0, 4.0, 0.0, 2.0, 0.0, 0.0, 62.0, 0.0, 0.0, 0.0, 0.0, 5.0, 12.0, 0.0, 0.0
2.0, 45.0, 0.0, 0.0, 78.0, 0.0, 1.0, 0.0, 0.0, 4.0, 0.0, 0.0, 0.0, 0.0, 1.0, 0.0, 0.0, 0.0, 0.0, 0.0, 1.0, 0.0, 0.0, 17.0, 0.0, 0.0
0.0, 14.0, 0.0, 0.0, 22.0, 20.0, 0.0, 0.0, 0.0, 7.0, 0.0, 0.0, 0.0, 0.0, 3.0, 24.0, 0.0, 0.0, 0.0, 0.0, 14.0, 0.0, 4.0, 3.0, 51.0, 0.0
0.0, 0.0, 1.0, 0.0, 7.0, 0.0, 0.0, 0.0, 0.0, 0.0, 0.0, 0.0, 6.0, 1.0, 16.0, 1.0, 0.0, 0.0, 0.0, 0.0, 118.0, 0.0, 5.0, 0.0, 0.0, 0.0
0.0, 0.0, 0.0, 0.0, 1.0, 1.0, 2.0, 0.0, 0.0, 0.0, 0.0, 0.0, 1.0, 1.0, 0.0, 2.0, 0.0, 2.0, 0.0, 0.0, 31.0, 0.0, 26.0, 0.0, 77.0, 0.0
0.0, 1.0, 0.0, 0.0, 5.0, 0.0, 0.0, 0.0, 0.0, 0.0, 0.0, 0.0, 14.0, 1.0, 2.0, 1.0, 0.0, 1.0, 0.0, 0.0, 27.0, 0.0, 111.0, 0.0, 5.0, 0.0
0.0, 24.0, 0.0, 0.0, 61.0, 0.0, 0.0, 0.0, 0.0, 0.0, 0.0, 0.0, 0.0, 0.0, 4.0, 1.0, 0.0, 3.0, 0.0, 0.0, 12.0, 0.0, 0.0, 35.0, 0.0, 0.0
0.0, 8.0, 0.0, 0.0, 7.0, 24.0, 0.0, 0.0, 0.0, 0.0, 0.0, 0.0, 0.0, 0.0, 0.0, 2.0, 0.0, 6.0, 0.0, 1.0, 19.0, 0.0, 11.0, 0.0, 67.0, 0.0
0.0, 24.0, 0.0, 0.0, 121.0, 0.0, 0.0, 0.0, 0.0, 2.0, 0.0, 0.0, 0.0, 0.0, 0.0, 0.0, 0.0, 0.0, 0.0, 0.0, 0.0, 0.0, 0.0, 11.0, 0.0, 0.0

Key, Precision, Recall
A, 0.6564, 0.8843
B, 0.3061, 0.0704
C, 0.4706, 0.7805
E, 0.5232, 0.1038
F, 0.2533, 0.4176
G, 0.0192, 0.125
J, 0.6405, 0.4623
L, 0.3434, 1.0
M, 0.6987, 0.5046
N, 0.0488, 0.5333
O, 0.2437, 0.2437
P, 0.3861, 0.5126
R, 0.4052, 0.1792
T, 0.0, 0.0
U, 0.7613, 0.2408
W, 0.6607, 0.4723
X, 0.25, 0.1522
Y, 0.4621, 0.3333
Overall Correct: 0.2752


Confusion Matrix
99.0, 26.0, 6.0, 0.0, 2.0, 0.0, 0.0, 0.0, 17.0, 0.0, 0.0, 0.0, 1.0, 0.0, 2.0, 0.0, 2.0, 0.0, 2.0, 0.0, 2.0, 0.0, 0.0, 0.0, 0.0, 0.0
0.0, 99.0, 8.0, 0.0, 16.0, 0.0, 3.0, 0.0, 15.0, 0.0, 0.0, 0.0, 0.0, 0.0, 0.0, 1.0, 9.0, 1.0, 2.0, 0.0, 0.0, 0.0, 0.0, 0.0, 0.0, 0.0
0.0, 1.0, 112.0, 0.0, 24.0, 0.0, 5.0, 0.0, 4.0, 0.0, 1.0, 0.0, 1.0, 0.0, 4.0, 2.0, 1.0, 0.0, 0.0, 0.0, 0.0, 0.0, 0.0, 0.0, 0.0, 0.0
2.0, 65.0, 20.0, 0.0, 25.0, 0.0, 0.0, 0.0, 13.0, 0.0, 1.0, 0.0, 0.0, 14.0, 14.0, 1.0, 7.0, 0.0, 0.0, 0.0, 0.0, 0.0, 0.0, 0.0, 0.0, 0.0
0.0, 19.0, 33.0, 0.0, 78.0, 0.0, 16.0, 0.0, 6.0, 0.0, 1.0, 0.0, 0.0, 0.0, 0.0, 0.0, 0.0, 0.0, 0.0, 0.0, 0.0, 2.0, 0.0, 0.0, 0.0, 0.0
0.0, 15.0, 9.0, 0.0, 58.0, 0.0, 0.0, 0.0, 12.0, 0.0, 0.0, 0.0, 0.0, 0.0, 0.0, 13.0, 1.0, 0.0, 0.0, 28.0, 1.0, 1.0, 1.0, 0.0, 0.0, 0.0
0.0, 33.0, 55.0, 0.0, 31.0, 0.0, 10.0, 0.0, 0.0, 0.0, 2.0, 0.0, 1.0, 0.0, 5.0, 0.0, 11.0, 3.0, 0.0, 0.0, 0.0, 0.0, 0.0, 0.0, 0.0, 0.0
0.0, 25.0, 17.0, 0.0, 30.0, 0.0, 0.0, 0.0, 5.0, 0.0, 1.0, 0.0, 5.0, 41.0, 5.0, 0.0, 4.0, 0.0, 0.0, 0.0, 4.0, 0.0, 0.0, 0.0, 0.0, 0.0
0.0, 17.0, 0.0, 0.0, 62.0, 0.0, 0.0, 0.0, 62.0, 2.0, 0.0, 0.0, 0.0, 0.0, 0.0, 0.0, 0.0, 0.0, 0.0, 0.0, 0.0, 0.0, 0.0, 0.0, 0.0, 0.0
0.0, 23.0, 3.0, 0.0, 28.0, 0.0, 0.0, 0.0, 27.0, 91.0, 0.0, 0.0, 0.0, 1.0, 0.0, 0.0, 0.0, 0.0, 0.0, 0.0, 0.0, 0.0, 0.0, 0.0, 0.0, 0.0
0.0, 38.0, 10.0, 0.0, 38.0, 0.0, 0.0, 0.0, 6.0, 0.0, 39.0, 0.0, 3.0, 0.0, 0.0, 0.0, 12.0, 0.0, 2.0, 0.0, 1.0, 2.0, 0.0, 0.0, 0.0, 0.0
7.0, 30.0, 8.0, 0.0, 42.0, 0.0, 1.0, 0.0, 18.0, 3.0, 2.0, 55.0, 0.0, 0.0, 1.0, 0.0, 4.0, 0.0, 0.0, 0.0, 0.0, 0.0, 0.0, 0.0, 0.0, 0.0
10.0, 26.0, 20.0, 0.0, 2.0, 0.0, 1.0, 0.0, 0.0, 0.0, 1.0, 0.0, 63.0, 31.0, 0.0, 0.0, 0.0, 0.0, 0.0, 0.0, 2.0, 0.0, 5.0, 0.0, 0.0, 0.0
0.0, 13.0, 19.0, 0.0, 20.0, 0.0, 1.0, 0.0, 2.0, 0.0, 1.0, 0.0, 14.0, 54.0, 8.0, 0.0, 3.0, 0.0, 1.0, 0.0, 3.0, 5.0, 4.0, 0.0, 0.0, 0.0
0.0, 42.0, 17.0, 0.0, 21.0, 0.0, 0.0, 0.0, 12.0, 0.0, 1.0, 0.0, 0.0, 40.0, 18.0, 2.0, 0.0, 0.0, 2.0, 0.0, 0.0, 0.0, 0.0, 0.0, 0.0, 0.0
0.0, 18.0, 16.0, 0.0, 33.0, 0.0, 0.0, 0.0, 17.0, 0.0, 0.0, 0.0, 0.0, 1.0, 0.0, 53.0, 3.0, 0.0, 0.0, 8.0, 0.0, 0.0, 0.0, 0.0, 0.0, 0.0
2.0, 55.0, 33.0, 0.0, 13.0, 0.0, 2.0, 0.0, 3.0, 0.0, 13.0, 0.0, 0.0, 7.0, 5.0, 0.0, 9.0, 3.0, 0.0, 0.0, 5.0, 0.0, 0.0, 0.0, 0.0, 0.0
0.0, 61.0, 17.0, 0.0, 4.0, 0.0, 0.0, 0.0, 6.0, 0.0, 37.0, 0.0, 3.0, 4.0, 1.0, 0.0, 10.0, 0.0, 2.0, 0.0, 1.0, 0.0, 0.0, 0.0, 0.0, 0.0
5.0, 55.0, 0.0, 0.0, 74.0, 0.0, 1.0, 0.0, 8.0, 2.0, 0.0, 0.0, 0.0, 0.0, 0.0, 0.0, 3.0, 0.0, 1.0, 0.0, 0.0, 0.0, 0.0, 0.0, 0.0, 0.0
0.0, 7.0, 11.0, 0.0, 51.0, 0.0, 0.0, 0.0, 15.0, 1.0, 0.0, 0.0, 2.0, 0.0, 0.0, 16.0, 0.0, 0.0, 0.0, 22.0, 0.0, 32.0, 0.0, 0.0, 0.0, 0.0
0.0, 4.0, 39.0, 0.0, 19.0, 0.0, 0.0, 0.0, 2.0, 0.0, 4.0, 0.0, 3.0, 21.0, 1.0, 0.0, 0.0, 0.0, 0.0, 2.0, 62.0, 15.0, 0.0, 0.0, 0.0, 0.0
0.0, 3.0, 14.0, 0.0, 2.0, 0.0, 0.0, 0.0, 0.0, 0.0, 0.0, 0.0, 0.0, 1.0, 0.0, 6.0, 0.0, 0.0, 0.0, 11.0, 18.0, 82.0, 11.0, 0.0, 0.0, 0.0
0.0, 4.0, 44.0, 0.0, 0.0, 0.0, 0.0, 0.0, 2.0, 0.0, 0.0, 0.0, 13.0, 15.0, 0.0, 1.0, 0.0, 0.0, 0.0, 1.0, 0.0, 8.0, 60.0, 0.0, 0.0, 0.0
0.0, 39.0, 2.0, 0.0, 107.0, 0.0, 1.0, 0.0, 14.0, 0.0, 0.0, 0.0, 0.0, 3.0, 0.0, 0.0, 0.0, 0.0, 0.0, 0.0, 3.0, 4.0, 0.0, 0.0, 0.0, 0.0
0.0, 14.0, 22.0, 0.0, 17.0, 0.0, 1.0, 0.0, 0.0, 0.0, 0.0, 0.0, 2.0, 0.0, 1.0, 0.0, 0.0, 0.0, 0.0, 15.0, 2.0, 85.0, 1.0, 0.0, 0.0, 0.0
0.0, 17.0, 0.0, 0.0, 112.0, 0.0, 0.0, 0.0, 4.0, 0.0, 0.0, 0.0, 0.0, 0.0, 0.0, 0.0, 1.0, 0.0, 0.0, 0.0, 0.0, 0.0, 0.0, 0.0, 0.0, 0.0

Key, Precision, Recall
A, 0.6226, 0.792
B, 0.6429, 0.1322
C, 0.7226, 0.2093
E, 0.5032, 0.0858
G, 0.0662, 0.2381
I, 0.4336, 0.2296
J, 0.526, 0.9192
K, 0.2583, 0.375
L, 0.3216, 1.0
M, 0.3913, 0.5676
N, 0.3649, 0.2318
O, 0.1161, 0.2769
P, 0.3557, 0.5579
Q, 0.06, 0.1125
R, 0.0, 0.0
S, 0.0067, 0.0833
T, 0.1401, 0.2529
U, 0.3605, 0.5962
V, 0.5541, 0.3475
W, 0.4054, 0.7317
Overall Correct: 0.2672


Confusion Matrix
104.0, 0.0, 0.0, 0.0, 0.0, 0.0, 10.0, 8.0, 9.0, 16.0, 0.0, 0.0, 8.0, 0.0, 0.0, 0.0, 0.0, 1.0, 0.0, 0.0, 0.0, 0.0, 0.0, 0.0, 0.0, 0.0
0.0, 1.0, 0.0, 0.0, 0.0, 0.0, 20.0, 104.0, 12.0, 22.0, 3.0, 0.0, 4.0, 0.0, 0.0, 0.0, 0.0, 2.0, 0.0, 0.0, 0.0, 0.0, 0.0, 0.0, 0.0, 0.0
0.0, 0.0, 94.0, 0.0, 0.0, 0.0, 11.0, 30.0, 0.0, 0.0, 6.0, 0.0, 3.0, 0.0, 1.0, 0.0, 0.0, 0.0, 0.0, 0.0, 2.0, 0.0, 0.0, 0.0, 0.0, 0.0
1.0, 3.0, 1.0, 0.0, 0.0, 0.0, 4.0, 92.0, 12.0, 34.0, 11.0, 0.0, 12.0, 0.0, 1.0, 0.0, 0.0, 3.0, 0.0, 0.0, 0.0, 0.0, 0.0, 0.0, 0.0, 0.0
0.0, 1.0, 44.0, 0.0, 0.0, 0.0, 21.0, 54.0, 18.0, 15.0, 5.0, 0.0, 0.0, 0.0, 0.0, 0.0, 0.0, 0.0, 5.0, 0.0, 3.0, 0.0, 0.0, 0.0, 0.0, 0.0
0.0, 2.0, 1.0, 0.0, 0.0, 64.0, 10.0, 10.0, 23.0, 16.0, 0.0, 0.0, 9.0, 0.0, 0.0, 16.0, 0.0, 1.0, 0.0, 0.0, 0.0, 0.0, 1.0, 1.0, 1.0, 0.0
0.0, 1.0, 18.0, 0.0, 0.0, 0.0, 30.0, 71.0, 0.0, 2.0, 17.0, 0.0, 2.0, 0.0, 0.0, 0.0, 0.0, 1.0, 1.0, 0.0, 0.0, 0.0, 0.0, 0.0, 0.0, 0.0
0.0, 0.0, 0.0, 0.0, 0.0, 0.0, 10.0, 72.0, 8.0, 13.0, 2.0, 0.0, 14.0, 5.0, 0.0, 0.0, 0.0, 4.0, 0.0, 0.0, 1.0, 0.0, 0.0, 0.0, 0.0, 0.0
0.0, 0.0, 1.0, 0.0, 0.0, 0.0, 1.0, 20.0, 89.0, 22.0, 0.0, 0.0, 1.0, 0.0, 0.0, 0.0, 0.0, 0.0, 0.0, 0.0, 0.0, 0.0, 0.0, 0.0, 0.0, 0.0
0.0, 0.0, 2.0, 0.0, 0.0, 0.0, 2.0, 22.0, 40.0, 86.0, 0.0, 0.0, 1.0, 0.0, 0.0, 0.0, 0.0, 0.0, 0.0, 0.0, 0.0, 0.0, 0.0, 0.0, 0.0, 0.0
0.0, 5.0, 18.0, 0.0, 0.0, 0.0, 5.0, 58.0, 4.0, 30.0, 14.0, 0.0, 4.0, 0.0, 5.0, 0.0, 0.0, 1.0, 0.0, 0.0, 16.0, 0.0, 0.0, 0.0, 0.0, 0.0
12.0, 1.0, 0.0, 0.0, 0.0, 0.0, 6.0, 23.0, 30.0, 35.0, 0.0, 49.0, 0.0, 0.0, 2.0, 0.0, 0.0, 0.0, 0.0, 0.0, 0.0, 0.0, 0.0, 0.0, 0.0, 0.0
6.0, 2.0, 0.0, 0.0, 0.0, 0.0, 7.0, 20.0, 0.0, 7.0, 5.0, 0.0, 94.0, 12.0, 0.0, 0.0, 0.0, 1.0, 0.0, 0.0, 0.0, 0.0, 2.0, 0.0, 0.0, 0.0
0.0, 2.0, 0.0, 0.0, 0.0, 0.0, 11.0, 60.0, 6.0, 10.0, 2.0, 0.0, 45.0, 11.0, 2.0, 0.0, 0.0, 0.0, 0.0, 0.0, 4.0, 0.0, 2.0, 0.0, 0.0, 0.0
0.0, 0.0, 0.0, 0.0, 0.0, 0.0, 7.0, 122.0, 1.0, 6.0, 16.0, 0.0, 4.0, 0.0, 1.0, 0.0, 0.0, 0.0, 0.0, 0.0, 0.0, 0.0, 0.0, 0.0, 0.0, 0.0
0.0, 0.0, 2.0, 0.0, 0.0, 15.0, 20.0, 5.0, 12.0, 13.0, 11.0, 0.0, 1.0, 0.0, 0.0, 67.0, 0.0, 0.0, 0.0, 0.0, 0.0, 0.0, 0.0, 0.0, 0.0, 0.0
1.0, 2.0, 0.0, 0.0, 0.0, 0.0, 24.0, 99.0, 1.0, 7.0, 22.0, 0.0, 4.0, 0.0, 0.0, 0.0, 0.0, 0.0, 0.0, 0.0, 0.0, 0.0, 0.0, 0.0, 0.0, 0.0
0.0, 0.0, 0.0, 0.0, 0.0, 0.0, 11.0, 84.0, 8.0, 21.0, 12.0, 0.0, 5.0, 0.0, 1.0, 0.0, 0.0, 1.0, 0.0, 0.0, 0.0, 0.0, 0.0, 0.0, 0.0, 0.0
0.0, 1.0, 0.0, 0.0, 0.0, 0.0, 6.0, 65.0, 32.0, 31.0, 0.0, 0.0, 1.0, 0.0, 0.0, 0.0, 0.0, 2.0, 19.0, 0.0, 0.0, 0.0, 0.0, 0.0, 0.0, 0.0
0.0, 0.0, 1.0, 0.0, 0.0, 37.0, 12.0, 20.0, 21.0, 6.0, 0.0, 0.0, 0.0, 0.0, 0.0, 8.0, 0.0, 0.0, 1.0, 0.0, 1.0, 14.0, 0.0, 0.0, 39.0, 0.0
0.0, 0.0, 5.0, 0.0, 0.0, 0.0, 6.0, 53.0, 0.0, 0.0, 28.0, 0.0, 10.0, 0.0, 0.0, 0.0, 0.0, 0.0, 0.0, 0.0, 70.0, 0.0, 0.0, 0.0, 0.0, 0.0
0.0, 3.0, 0.0, 0.0, 0.0, 13.0, 17.0, 13.0, 0.0, 0.0, 0.0, 0.0, 12.0, 0.0, 0.0, 6.0, 0.0, 0.0, 0.0, 0.0, 1.0, 34.0, 7.0, 0.0, 43.0, 0.0
0.0, 4.0, 0.0, 0.0, 0.0, 2.0, 17.0, 15.0, 0.0, 0.0, 0.0, 0.0, 29.0, 6.0, 0.0, 0.0, 0.0, 0.0, 0.0, 0.0, 1.0, 17.0, 64.0, 0.0, 0.0, 0.0
0.0, 2.0, 2.0, 0.0, 0.0, 0.0, 3.0, 97.0, 17.0, 32.0, 6.0, 0.0, 0.0, 0.0, 0.0, 0.0, 0.0, 0.0, 0.0, 0.0, 9.0, 0.0, 0.0, 0.0, 0.0, 0.0
0.0, 0.0, 3.0, 0.0, 0.0, 16.0, 20.0, 5.0, 0.0, 1.0, 0.0, 0.0, 2.0, 0.0, 0.0, 0.0, 0.0, 0.0, 0.0, 0.0, 5.0, 13.0, 0.0, 0.0, 63.0, 0.0
0.0, 1.0, 0.0, 0.0, 0.0, 0.0, 5.0, 51.0, 66.0, 21.0, 0.0, 0.0, 1.0, 0.0, 0.0, 0.0, 0.0, 0.0, 6.0, 0.0, 0.0, 0.0, 0.0, 0.0, 0.0, 0.0

Key, Precision, Recall
A, 0.6667, 0.8387
B, 0.006, 0.0323
C, 0.6395, 0.4896
F, 0.4129, 0.4354
G, 0.2098, 0.1014
H, 0.5581, 0.0566
I, 0.6642, 0.2176
J, 0.5621, 0.1928
K, 0.0875, 0.0875
L, 0.3101, 1.0
M, 0.6026, 0.3534
N, 0.071, 0.3235
O, 0.0064, 0.0769
P, 0.4589, 0.6907
R, 0.007, 0.0588
S, 0.121, 0.5938
U, 0.407, 0.6195
V, 0.2282, 0.4359
W, 0.4129, 0.8421
X, 0.0, 0.0
Y, 0.4922, 0.4315
Overall Correct: 0.2567


Confusion Matrix
98.0, 0.0, 0.0, 0.0, 0.0, 23.0, 0.0, 0.0, 0.0, 22.0, 0.0, 0.0, 4.0, 0.0, 0.0, 0.0, 0.0, 10.0, 0.0, 0.0, 0.0, 0.0, 0.0, 0.0, 0.0, 0.0
2.0, 0.0, 0.0, 0.0, 0.0, 115.0, 14.0, 0.0, 0.0, 13.0, 3.0, 0.0, 0.0, 0.0, 0.0, 0.0, 0.0, 15.0, 0.0, 0.0, 0.0, 0.0, 0.0, 0.0, 0.0, 0.0
0.0, 0.0, 70.0, 1.0, 0.0, 62.0, 13.0, 0.0, 0.0, 2.0, 0.0, 0.0, 1.0, 0.0, 1.0, 0.0, 0.0, 0.0, 0.0, 0.0, 0.0, 0.0, 0.0, 0.0, 0.0, 0.0
2.0, 0.0, 0.0, 8.0, 0.0, 110.0, 9.0, 0.0, 0.0, 18.0, 0.0, 0.0, 2.0, 1.0, 2.0, 1.0, 0.0, 15.0, 0.0, 0.0, 0.0, 0.0, 0.0, 0.0, 0.0, 0.0
0.0, 0.0, 6.0, 0.0, 0.0, 116.0, 13.0, 0.0, 0.0, 21.0, 0.0, 0.0, 0.0, 0.0, 0.0, 0.0, 0.0, 2.0, 1.0, 0.0, 1.0, 0.0, 0.0, 0.0, 0.0, 0.0
0.0, 0.0, 0.0, 0.0, 0.0, 129.0, 0.0, 0.0, 0.0, 15.0, 1.0, 0.0, 0.0, 0.0, 0.0, 7.0, 0.0, 7.0, 0.0, 0.0, 1.0, 0.0, 0.0, 0.0, 0.0, 0.0
0.0, 0.0, 15.0, 1.0, 0.0, 99.0, 27.0, 0.0, 0.0, 0.0, 0.0, 0.0, 2.0, 0.0, 0.0, 0.0, 0.0, 4.0, 1.0, 0.0, 0.0, 0.0, 0.0, 0.0, 0.0, 0.0
0.0, 0.0, 0.0, 3.0, 0.0, 79.0, 1.0, 0.0, 5.0, 12.0, 10.0, 0.0, 16.0, 28.0, 0.0, 0.0, 0.0, 15.0, 0.0, 0.0, 1.0, 0.0, 0.0, 0.0, 0.0, 0.0
1.0, 0.0, 0.0, 0.0, 0.0, 70.0, 0.0, 0.0, 0.0, 77.0, 0.0, 0.0, 0.0, 0.0, 0.0, 0.0, 0.0, 5.0, 0.0, 0.0, 0.0, 0.0, 0.0, 0.0, 0.0, 0.0
0.0, 0.0, 0.0, 1.0, 0.0, 30.0, 0.0, 0.0, 0.0, 122.0, 0.0, 0.0, 0.0, 0.0, 0.0, 0.0, 0.0, 1.0, 0.0, 0.0, 0.0, 0.0, 0.0, 0.0, 0.0, 0.0
0.0, 0.0, 7.0, 0.0, 0.0, 57.0, 8.0, 0.0, 0.0, 38.0, 16.0, 0.0, 4.0, 0.0, 0.0, 0.0, 0.0, 25.0, 1.0, 0.0, 7.0, 0.0, 1.0, 0.0, 0.0, 0.0
2.0, 0.0, 0.0, 2.0, 0.0, 46.0, 0.0, 0.0, 0.0, 58.0, 0.0, 45.0, 0.0, 0.0, 1.0, 0.0, 0.0, 0.0, 0.0, 0.0, 0.0, 0.0, 0.0, 0.0, 0.0, 0.0
7.0, 0.0, 0.0, 0.0, 0.0, 26.0, 0.0, 0.0, 0.0, 7.0, 0.0, 0.0, 82.0, 24.0, 0.0, 0.0, 0.0, 8.0, 1.0, 0.0, 0.0, 0.0, 3.0, 0.0, 0.0, 0.0
0.0, 0.0, 0.0, 7.0, 0.0, 52.0, 0.0, 0.0, 0.0, 6.0, 7.0, 0.0, 32.0, 30.0, 0.0, 0.0, 0.0, 13.0, 0.0, 0.0, 1.0, 0.0, 3.0, 0.0, 0.0, 0.0
0.0, 0.0, 0.0, 12.0, 0.0, 101.0, 3.0, 0.0, 0.0, 6.0, 0.0, 0.0, 0.0, 9.0, 2.0, 2.0, 0.0, 0.0, 0.0, 0.0, 0.0, 0.0, 0.0, 0.0, 0.0, 0.0
0.0, 0.0, 0.0, 0.0, 0.0, 101.0, 0.0, 0.0, 0.0, 14.0, 4.0, 0.0, 1.0, 0.0, 0.0, 28.0, 0.0, 1.0, 0.0, 0.0, 0.0, 0.0, 1.0, 0.0, 0.0, 0.0
3.0, 0.0, 0.0, 2.0, 0.0, 125.0, 21.0, 0.0, 0.0, 0.0, 0.0, 0.0, 0.0, 0.0, 0.0, 0.0, 0.0, 5.0, 0.0, 0.0, 0.0, 0.0, 0.0, 0.0, 0.0, 0.0
1.0, 0.0, 0.0, 0.0, 0.0, 76.0, 5.0, 0.0, 0.0, 15.0, 4.0, 0.0, 1.0, 0.0, 1.0, 0.0, 0.0, 33.0, 0.0, 0.0, 0.0, 0.0, 0.0, 0.0, 0.0, 0.0
5.0, 0.0, 0.0, 0.0, 0.0, 114.0, 0.0, 0.0, 0.0, 14.0, 2.0, 0.0, 1.0, 0.0, 0.0, 0.0, 0.0, 0.0, 0.0, 0.0, 0.0, 0.0, 0.0, 0.0, 0.0, 0.0
0.0, 0.0, 0.0, 0.0, 0.0, 99.0, 0.0, 0.0, 0.0, 13.0, 1.0, 0.0, 0.0, 0.0, 0.0, 8.0, 0.0, 0.0, 0.0, 0.0, 0.0, 10.0, 1.0, 0.0, 18.0, 0.0
0.0, 0.0, 4.0, 3.0, 0.0, 97.0, 2.0, 0.0, 0.0, 0.0, 3.0, 0.0, 7.0, 3.0, 0.0, 0.0, 0.0, 0.0, 0.0, 0.0, 54.0, 0.0, 0.0, 0.0, 0.0, 0.0
0.0, 0.0, 0.0, 0.0, 0.0, 62.0, 0.0, 0.0, 0.0, 0.0, 2.0, 0.0, 4.0, 1.0, 0.0, 3.0, 0.0, 0.0, 0.0, 0.0, 8.0, 46.0, 8.0, 0.0, 27.0, 0.0
0.0, 0.0, 0.0, 0.0, 0.0, 34.0, 0.0, 0.0, 0.0, 0.0, 1.0, 0.0, 19.0, 7.0, 0.0, 0.0, 0.0, 0.0, 0.0, 0.0, 0.0, 9.0, 72.0, 0.0, 0.0, 0.0
0.0, 0.0, 0.0, 0.0, 0.0, 106.0, 2.0, 0.0, 0.0, 19.0, 4.0, 0.0, 0.0, 2.0, 0.0, 0.0, 0.0, 9.0, 0.0, 0.0, 3.0, 0.0, 0.0, 0.0, 0.0, 0.0
0.0, 0.0, 0.0, 0.0, 0.0, 58.0, 0.0, 0.0, 0.0, 2.0, 4.0, 0.0, 0.0, 0.0, 0.0, 1.0, 0.0, 0.0, 2.0, 0.0, 6.0, 28.0, 0.0, 0.0, 49.0, 0.0
1.0, 0.0, 0.0, 0.0, 0.0, 133.0, 0.0, 0.0, 0.0, 19.0, 0.0, 0.0, 0.0, 0.0, 0.0, 0.0, 0.0, 3.0, 0.0, 0.0, 0.0, 0.0, 0.0, 0.0, 0.0, 0.0

Key, Precision, Recall
A, 0.6242, 0.8033
C, 0.4667, 0.6863
D, 0.0476, 0.2
F, 0.8063, 0.0608
G, 0.1812, 0.2288
I, 0.0, 0.0
J, 0.7922, 0.2378
K, 0.0976, 0.2581
L, 0.2922, 1.0
M, 0.519, 0.4659
N, 0.1987, 0.2857
O, 0.0148, 0.2857
P, 0.1867, 0.56
R, 0.2426, 0.193
S, 0.0, 0.0
U, 0.3121, 0.6585
V, 0.2857, 0.4946
W, 0.507, 0.809
Y, 0.3267, 0.5213
Overall Correct: 0.2278


Confusion Matrix
116.0, 0.0, 0.0, 56.0, 0.0, 0.0, 0.0, 0.0, 0.0, 1.0, 0.0, 0.0, 0.0, 0.0, 0.0, 1.0, 0.0, 0.0, 0.0, 0.0, 0.0, 0.0, 0.0, 0.0, 0.0, 0.0
0.0, 2.0, 0.0, 112.0, 4.0, 0.0, 0.0, 0.0, 1.0, 5.0, 0.0, 0.0, 1.0, 0.0, 0.0, 18.0, 0.0, 0.0, 0.0, 0.0, 0.0, 0.0, 0.0, 0.0, 0.0, 0.0
0.0, 0.0, 79.0, 44.0, 24.0, 0.0, 0.0, 0.0, 0.0, 0.0, 0.0, 0.0, 0.0, 0.0, 0.0, 1.0, 0.0, 0.0, 0.0, 0.0, 3.0, 0.0, 0.0, 0.0, 0.0, 0.0
0.0, 0.0, 0.0, 120.0, 0.0, 0.0, 0.0, 0.0, 5.0, 13.0, 0.0, 0.0, 1.0, 0.0, 0.0, 6.0, 0.0, 0.0, 0.0, 0.0, 0.0, 0.0, 0.0, 0.0, 0.0, 0.0
0.0, 0.0, 35.0, 100.0, 15.0, 0.0, 0.0, 0.0, 0.0, 1.0, 0.0, 0.0, 0.0, 0.0, 0.0, 8.0, 0.0, 0.0, 0.0, 0.0, 2.0, 0.0, 0.0, 0.0, 0.0, 0.0
0.0, 0.0, 0.0, 97.0, 0.0, 40.0, 0.0, 0.0, 0.0, 4.0, 0.0, 0.0, 0.0, 0.0, 0.0, 22.0, 0.0, 0.0, 0.0, 0.0, 0.0, 0.0, 0.0, 0.0, 0.0, 0.0
0.0, 0.0, 2.0, 112.0, 12.0, 0.0, 9.0, 0.0, 0.0, 0.0, 0.0, 0.0, 0.0, 0.0, 0.0, 12.0, 0.0, 0.0, 0.0, 0.0, 0.0, 0.0, 0.0, 0.0, 0.0, 0.0
0.0, 0.0, 0.0, 126.0, 0.0, 0.0, 0.0, 0.0, 7.0, 1.0, 2.0, 0.0, 2.0, 0.0, 0.0, 2.0, 0.0, 0.0, 0.0, 0.0, 1.0, 0.0, 0.0, 0.0, 0.0, 0.0
0.0, 0.0, 0.0, 125.0, 1.0, 0.0, 0.0, 0.0, 11.0, 15.0, 0.0, 0.0, 0.0, 0.0, 0.0, 0.0, 0.0, 0.0, 0.0, 0.0, 0.0, 0.0, 0.0, 0.0, 0.0, 0.0
0.0, 0.0, 0.0, 65.0, 0.0, 0.0, 0.0, 0.0, 0.0, 79.0, 0.0, 0.0, 0.0, 0.0, 0.0, 0.0, 0.0, 0.0, 0.0, 0.0, 0.0, 0.0, 0.0, 0.0, 0.0, 0.0
0.0, 0.0, 8.0, 116.0, 4.0, 0.0, 3.0, 0.0, 0.0, 0.0, 19.0, 0.0, 0.0, 0.0, 0.0, 3.0, 0.0, 0.0, 0.0, 0.0, 4.0, 0.0, 0.0, 0.0, 0.0, 0.0
4.0, 0.0, 0.0, 88.0, 2.0, 0.0, 0.0, 0.0, 0.0, 8.0, 0.0, 43.0, 0.0, 0.0, 0.0, 3.0, 0.0, 0.0, 0.0, 0.0, 0.0, 0.0, 0.0, 0.0, 0.0, 0.0
5.0, 0.0, 0.0, 69.0, 0.0, 0.0, 0.0, 0.0, 2.0, 0.0, 0.0, 0.0, 84.0, 0.0, 0.0, 7.0, 0.0, 0.0, 0.0, 0.0, 0.0, 0.0, 0.0, 0.0, 0.0, 0.0
0.0, 0.0, 0.0, 82.0, 0.0, 0.0, 0.0, 0.0, 7.0, 0.0, 0.0, 0.0, 39.0, 0.0, 1.0, 5.0, 0.0, 0.0, 0.0, 0.0, 4.0, 0.0, 2.0, 0.0, 0.0, 0.0
0.0, 0.0, 0.0, 122.0, 0.0, 0.0, 0.0, 0.0, 19.0, 2.0, 1.0, 0.0, 5.0, 0.0, 0.0, 4.0, 0.0, 0.0, 0.0, 0.0, 0.0, 0.0, 0.0, 0.0, 0.0, 0.0
0.0, 0.0, 2.0, 70.0, 0.0, 6.0, 0.0, 0.0, 10.0, 7.0, 0.0, 0.0, 0.0, 0.0, 0.0, 58.0, 0.0, 0.0, 0.0, 0.0, 0.0, 0.0, 0.0, 0.0, 0.0, 0.0
0.0, 0.0, 0.0, 107.0, 2.0, 0.0, 7.0, 0.0, 6.0, 0.0, 9.0, 0.0, 0.0, 0.0, 0.0, 20.0, 0.0, 0.0, 0.0, 0.0, 0.0, 0.0, 0.0, 0.0, 0.0, 0.0
0.0, 0.0, 0.0, 116.0, 0.0, 0.0, 4.0, 0.0, 7.0, 7.0, 5.0, 0.0, 2.0, 0.0, 0.0, 2.0, 0.0, 0.0, 0.0, 0.0, 0.0, 0.0, 0.0, 0.0, 0.0, 0.0
2.0, 0.0, 0.0, 134.0, 0.0, 0.0, 0.0, 0.0, 3.0, 1.0, 0.0, 0.0, 2.0, 0.0, 0.0, 6.0, 0.0, 0.0, 0.0, 0.0, 0.0, 0.0, 0.0, 0.0, 0.0, 0.0
0.0, 0.0, 0.0, 86.0, 0.0, 23.0, 0.0, 0.0, 2.0, 6.0, 0.0, 0.0, 0.0, 0.0, 0.0, 18.0, 0.0, 0.0, 0.0, 0.0, 0.0, 17.0, 0.0, 0.0, 0.0, 0.0
0.0, 0.0, 1.0, 80.0, 0.0, 0.0, 0.0, 0.0, 7.0, 0.0, 2.0, 0.0, 11.0, 0.0, 0.0, 2.0, 0.0, 0.0, 0.0, 0.0, 58.0, 0.0, 0.0, 0.0, 0.0, 0.0
0.0, 0.0, 0.0, 49.0, 0.0, 9.0, 0.0, 0.0, 0.0, 0.0, 0.0, 0.0, 4.0, 0.0, 0.0, 16.0, 0.0, 0.0, 0.0, 0.0, 7.0, 73.0, 11.0, 0.0, 4.0, 0.0
0.0, 0.0, 0.0, 20.0, 0.0, 0.0, 0.0, 0.0, 3.0, 0.0, 0.0, 0.0, 43.0, 0.0, 0.0, 5.0, 0.0, 0.0, 0.0, 0.0, 3.0, 5.0, 78.0, 0.0, 0.0, 0.0
0.0, 0.0, 0.0, 145.0, 2.0, 0.0, 0.0, 0.0, 9.0, 0.0, 0.0, 0.0, 0.0, 0.0, 0.0, 0.0, 0.0, 0.0, 0.0, 0.0, 1.0, 0.0, 0.0, 0.0, 0.0, 0.0
0.0, 0.0, 0.0, 59.0, 1.0, 17.0, 0.0, 0.0, 0.0, 0.0, 0.0, 0.0, 1.0, 0.0, 0.0, 18.0, 0.0, 0.0, 0.0, 0.0, 8.0, 60.0, 0.0, 0.0, 0.0, 0.0
0.0, 0.0, 0.0, 144.0, 9.0, 0.0, 0.0, 0.0, 0.0, 1.0, 0.0, 0.0, 0.0, 0.0, 0.0, 1.0, 0.0, 0.0, 0.0, 0.0, 0.0, 0.0, 0.0, 0.0, 0.0, 0.0

Key, Precision, Recall
A, 0.6667, 0.9134
B, 0.014, 1.0
C, 0.5232, 0.622
D, 0.8276, 0.0491
E, 0.0932, 0.1974
F, 0.2454, 0.4211
G, 0.0612, 0.3913
I, 0.0724, 0.1111
J, 0.5486, 0.5232
K, 0.121, 0.5
L, 0.2905, 1.0
M, 0.503, 0.4308
O, 0.0, 0.0
P, 0.3791, 0.2437
U, 0.3602, 0.6374
V, 0.422, 0.471
W, 0.4968, 0.8571
Y, 0.0, 0.0
Overall Correct: 0.221


Confusion Matrix
111.0, 0.0, 0.0, 0.0, 0.0, 0.0, 0.0, 0.0, 4.0, 0.0, 0.0, 0.0, 1.0, 11.0, 0.0, 0.0, 0.0, 0.0, 0.0, 0.0, 0.0, 0.0, 1.0, 29.0, 0.0, 0.0
3.0, 0.0, 0.0, 0.0, 5.0, 0.0, 0.0, 0.0, 0.0, 0.0, 0.0, 0.0, 0.0, 9.0, 2.0, 0.0, 0.0, 0.0, 0.0, 0.0, 0.0, 0.0, 6.0, 110.0, 2.0, 0.0
0.0, 0.0, 87.0, 0.0, 8.0, 0.0, 0.0, 0.0, 0.0, 0.0, 0.0, 0.0, 0.0, 4.0, 8.0, 0.0, 0.0, 0.0, 0.0, 0.0, 1.0, 0.0, 3.0, 45.0, 0.0, 0.0
6.0, 0.0, 2.0, 0.0, 5.0, 0.0, 0.0, 0.0, 0.0, 1.0, 2.0, 0.0, 1.0, 19.0, 12.0, 0.0, 0.0, 0.0, 0.0, 0.0, 0.0, 0.0, 2.0, 108.0, 0.0, 0.0
1.0, 0.0, 35.0, 0.0, 9.0, 0.0, 0.0, 0.0, 0.0, 0.0, 0.0, 0.0, 0.0, 0.0, 0.0, 0.0, 0.0, 0.0, 0.0, 0.0, 0.0, 0.0, 2.0, 106.0, 0.0, 0.0
0.0, 0.0, 0.0, 0.0, 0.0, 53.0, 0.0, 0.0, 1.0, 0.0, 0.0, 0.0, 0.0, 8.0, 0.0, 0.0, 0.0, 0.0, 0.0, 1.0, 0.0, 0.0, 0.0, 104.0, 0.0, 0.0
0.0, 0.0, 9.0, 0.0, 13.0, 0.0, 0.0, 0.0, 0.0, 0.0, 3.0, 0.0, 1.0, 9.0, 9.0, 0.0, 0.0, 0.0, 0.0, 0.0, 0.0, 0.0, 4.0, 99.0, 3.0, 0.0
2.0, 0.0, 0.0, 0.0, 2.0, 0.0, 0.0, 0.0, 0.0, 0.0, 13.0, 0.0, 10.0, 17.0, 15.0, 0.0, 0.0, 0.0, 0.0, 0.0, 0.0, 0.0, 3.0, 88.0, 0.0, 0.0
1.0, 0.0, 0.0, 0.0, 0.0, 0.0, 0.0, 0.0, 10.0, 0.0, 0.0, 0.0, 0.0, 2.0, 0.0, 0.0, 0.0, 0.0, 0.0, 0.0, 0.0, 0.0, 0.0, 149.0, 0.0, 0.0
0.0, 0.0, 0.0, 0.0, 0.0, 0.0, 0.0, 0.0, 0.0, 77.0, 0.0, 0.0, 0.0, 11.0, 1.0, 0.0, 0.0, 0.0, 0.0, 0.0, 0.0, 0.0, 0.0, 70.0, 0.0, 0.0
1.0, 0.0, 4.0, 0.0, 3.0, 0.0, 0.0, 0.0, 0.0, 0.0, 25.0, 0.0, 1.0, 7.0, 7.0, 0.0, 0.0, 0.0, 0.0, 0.0, 1.0, 0.0, 3.0, 92.0, 0.0, 0.0
6.0, 0.0, 0.0, 0.0, 0.0, 0.0, 0.0, 0.0, 0.0, 8.0, 0.0, 40.0, 0.0, 0.0, 5.0, 0.0, 0.0, 0.0, 0.0, 0.0, 0.0, 0.0, 4.0, 75.0, 0.0, 0.0
5.0, 0.0, 0.0, 0.0, 2.0, 0.0, 0.0, 0.0, 0.0, 0.0, 4.0, 0.0, 95.0, 32.0, 1.0, 0.0, 0.0, 0.0, 0.0, 0.0, 0.0, 0.0, 7.0, 21.0, 1.0, 0.0
0.0, 0.0, 0.0, 0.0, 0.0, 0.0, 0.0, 0.0, 0.0, 0.0, 8.0, 0.0, 45.0, 41.0, 5.0, 0.0, 0.0, 0.0, 0.0, 0.0, 1.0, 0.0, 9.0, 47.0, 0.0, 0.0
0.0, 0.0, 0.0, 0.0, 9.0, 0.0, 0.0, 0.0, 0.0, 0.0, 3.0, 0.0, 4.0, 7.0, 29.0, 0.0, 0.0, 0.0, 0.0, 0.0, 0.0, 0.0, 2.0, 88.0, 0.0, 0.0
0.0, 0.0, 6.0, 0.0, 3.0, 23.0, 0.0, 0.0, 0.0, 0.0, 0.0, 0.0, 1.0, 16.0, 3.0, 21.0, 0.0, 0.0, 0.0, 0.0, 0.0, 0.0, 14.0, 69.0, 1.0, 0.0
3.0, 0.0, 0.0, 0.0, 7.0, 0.0, 0.0, 0.0, 0.0, 0.0, 11.0, 0.0, 0.0, 6.0, 19.0, 0.0, 0.0, 0.0, 0.0, 0.0, 0.0, 0.0, 7.0, 101.0, 6.0, 0.0
5.0, 0.0, 0.0, 1.0, 8.0, 0.0, 0.0, 0.0, 0.0, 0.0, 11.0, 0.0, 3.0, 10.0, 17.0, 0.0, 0.0, 0.0, 0.0, 0.0, 0.0, 0.0, 2.0, 91.0, 0.0, 0.0
6.0, 0.0, 0.0, 0.0, 0.0, 0.0, 0.0, 0.0, 0.0, 0.0, 0.0, 0.0, 1.0, 2.0, 0.0, 0.0, 0.0, 0.0, 0.0, 1.0, 0.0, 0.0, 0.0, 137.0, 1.0, 0.0
0.0, 0.0, 0.0, 0.0, 0.0, 38.0, 0.0, 0.0, 6.0, 0.0, 0.0, 0.0, 2.0, 2.0, 1.0, 0.0, 0.0, 0.0, 0.0, 19.0, 0.0, 0.0, 4.0, 81.0, 9.0, 0.0
0.0, 0.0, 2.0, 0.0, 1.0, 0.0, 0.0, 0.0, 0.0, 0.0, 11.0, 0.0, 7.0, 13.0, 12.0, 0.0, 0.0, 0.0, 0.0, 0.0, 52.0, 0.0, 4.0, 55.0, 0.0, 0.0
0.0, 0.0, 0.0, 0.0, 1.0, 6.0, 0.0, 0.0, 0.0, 0.0, 0.0, 0.0, 3.0, 10.0, 0.0, 0.0, 0.0, 0.0, 0.0, 59.0, 1.0, 1.0, 21.0, 30.0, 24.0, 0.0
0.0, 0.0, 0.0, 0.0, 1.0, 1.0, 0.0, 0.0, 0.0, 0.0, 0.0, 0.0, 38.0, 8.0, 1.0, 0.0, 0.0, 0.0, 0.0, 0.0, 0.0, 4.0, 93.0, 23.0, 6.0, 0.0
1.0, 0.0, 0.0, 0.0, 2.0, 0.0, 0.0, 0.0, 0.0, 0.0, 0.0, 0.0, 0.0, 1.0, 0.0, 0.0, 0.0, 0.0, 0.0, 0.0, 0.0, 0.0, 0.0, 146.0, 0.0, 0.0
0.0, 0.0, 0.0, 0.0, 0.0, 21.0, 0.0, 0.0, 0.0, 0.0, 0.0, 0.0, 0.0, 6.0, 0.0, 0.0, 0.0, 0.0, 0.0, 57.0, 5.0, 0.0, 17.0, 37.0, 18.0, 0.0
0.0, 0.0, 0.0, 0.0, 0.0, 0.0, 0.0, 0.0, 0.0, 0.0, 0.0, 0.0, 0.0, 4.0, 0.0, 0.0, 0.0, 0.0, 0.0, 0.0, 0.0, 0.0, 0.0, 125.0, 0.0, 0.0

Key, Precision, Recall
A, 0.707, 0.7351
C, 0.5577, 0.6
D, 0.0, 0.0
E, 0.0588, 0.1139
F, 0.3174, 0.3732
I, 0.0617, 0.4762
J, 0.4843, 0.8953
K, 0.1736, 0.2747
L, 0.2899, 1.0
M, 0.5655, 0.446
N, 0.2628, 0.1608
O, 0.2042, 0.1973
P, 0.1338, 1.0
T, 0.1173, 0.1387
U, 0.3312, 0.8525
V, 0.0064, 0.2
W, 0.5314, 0.4471
X, 0.9733, 0.0687
Y, 0.1118, 0.2535
Overall Correct: 0.2318


Confusion Matrix
117.0, 0.0, 0.0, 10.0, 0.0, 0.0, 0.0, 0.0, 0.0, 0.0, 0.0, 0.0, 3.0, 4.0, 1.0, 3.0, 1.0, 0.0, 16.0, 0.0, 0.0, 3.0, 4.0, 0.0, 0.0, 0.0
0.0, 0.0, 0.0, 8.0, 0.0, 1.0, 0.0, 0.0, 0.0, 0.0, 0.0, 0.0, 1.0, 8.0, 15.0, 1.0, 33.0, 0.0, 84.0, 0.0, 0.0, 13.0, 10.0, 0.0, 0.0, 0.0
0.0, 0.0, 95.0, 3.0, 0.0, 2.0, 0.0, 0.0, 0.0, 0.0, 0.0, 0.0, 1.0, 0.0, 4.0, 0.0, 19.0, 1.0, 15.0, 0.0, 4.0, 5.0, 5.0, 0.0, 0.0, 0.0
1.0, 0.0, 0.0, 80.0, 0.0, 0.0, 0.0, 0.0, 0.0, 0.0, 0.0, 0.0, 2.0, 8.0, 2.0, 5.0, 9.0, 0.0, 27.0, 0.0, 0.0, 4.0, 7.0, 0.0, 0.0, 0.0
0.0, 0.0, 50.0, 0.0, 0.0, 0.0, 0.0, 0.0, 0.0, 0.0, 0.0, 0.0, 0.0, 2.0, 0.0, 0.0, 32.0, 0.0, 77.0, 0.0, 4.0, 4.0, 4.0, 0.0, 0.0, 0.0
0.0, 0.0, 0.0, 9.0, 0.0, 73.0, 0.0, 0.0, 0.0, 0.0, 0.0, 0.0, 0.0, 2.0, 0.0, 5.0, 3.0, 0.0, 37.0, 0.0, 2.0, 8.0, 7.0, 0.0, 0.0, 0.0
0.0, 0.0, 20.0, 2.0, 0.0, 0.0, 0.0, 0.0, 0.0, 0.0, 0.0, 0.0, 1.0, 4.0, 5.0, 0.0, 66.0, 1.0, 41.0, 0.0, 0.0, 8.0, 4.0, 0.0, 0.0, 0.0
0.0, 0.0, 0.0, 29.0, 0.0, 0.0, 0.0, 7.0, 0.0, 0.0, 0.0, 0.0, 10.0, 6.0, 6.0, 1.0, 22.0, 0.0, 42.0, 0.0, 6.0, 8.0, 7.0, 0.0, 0.0, 0.0
0.0, 0.0, 1.0, 10.0, 0.0, 14.0, 0.0, 0.0, 0.0, 0.0, 0.0, 0.0, 0.0, 5.0, 1.0, 0.0, 10.0, 0.0, 120.0, 0.0, 0.0, 1.0, 2.0, 0.0, 0.0, 0.0
0.0, 0.0, 0.0, 3.0, 0.0, 0.0, 0.0, 0.0, 0.0, 90.0, 0.0, 0.0, 1.0, 2.0, 1.0, 0.0, 0.0, 0.0, 70.0, 0.0, 0.0, 0.0, 2.0, 0.0, 0.0, 0.0
0.0, 0.0, 4.0, 0.0, 0.0, 0.0, 0.0, 0.0, 0.0, 0.0, 0.0, 0.0, 1.0, 10.0, 0.0, 0.0, 43.0, 1.0, 83.0, 0.0, 8.0, 2.0, 8.0, 0.0, 0.0, 0.0
2.0, 0.0, 0.0, 4.0, 0.0, 0.0, 0.0, 0.0, 0.0, 2.0, 0.0, 52.0, 0.0, 1.0, 0.0, 0.0, 5.0, 0.0, 74.0, 0.0, 0.0, 8.0, 2.0, 0.0, 0.0, 0.0
6.0, 0.0, 0.0, 1.0, 0.0, 0.0, 0.0, 2.0, 0.0, 0.0, 0.0, 0.0, 113.0, 4.0, 0.0, 0.0, 4.0, 0.0, 0.0, 0.0, 1.0, 3.0, 8.0, 0.0, 0.0, 0.0
0.0, 0.0, 1.0, 49.0, 0.0, 0.0, 0.0, 10.0, 0.0, 0.0, 0.0, 0.0, 57.0, 7.0, 1.0, 0.0, 5.0, 0.0, 10.0, 0.0, 7.0, 9.0, 12.0, 0.0, 0.0, 0.0
0.0, 0.0, 0.0, 25.0, 0.0, 0.0, 0.0, 0.0, 0.0, 0.0, 0.0, 0.0, 1.0, 0.0, 21.0, 0.0, 45.0, 0.0, 40.0, 0.0, 1.0, 8.0, 4.0, 0.0, 0.0, 0.0
0.0, 0.0, 13.0, 19.0, 0.0, 32.0, 0.0, 0.0, 0.0, 0.0, 0.0, 0.0, 1.0, 2.0, 1.0, 35.0, 11.0, 0.0, 18.0, 0.0, 0.0, 8.0, 4.0, 0.0, 0.0, 0.0
1.0, 0.0, 0.0, 1.0, 0.0, 0.0, 0.0, 0.0, 0.0, 0.0, 0.0, 0.0, 1.0, 0.0, 10.0, 0.0, 85.0, 0.0, 22.0, 0.0, 0.0, 10.0, 6.0, 0.0, 0.0, 0.0
0.0, 0.0, 0.0, 7.0, 0.0, 1.0, 0.0, 0.0, 0.0, 0.0, 0.0, 0.0, 8.0, 12.0, 15.0, 3.0, 54.0, 0.0, 38.0, 0.0, 0.0, 21.0, 4.0, 0.0, 0.0, 0.0
3.0, 0.0, 0.0, 1.0, 0.0, 2.0, 0.0, 0.0, 0.0, 0.0, 0.0, 0.0, 3.0, 1.0, 3.0, 0.0, 13.0, 0.0, 113.0, 0.0, 0.0, 5.0, 8.0, 0.0, 0.0, 0.0
0.0, 0.0, 0.0, 9.0, 0.0, 38.0, 0.0, 0.0, 0.0, 0.0, 0.0, 0.0, 0.0, 0.0, 1.0, 7.0, 0.0, 0.0, 50.0, 0.0, 3.0, 9.0, 2.0, 0.0, 27.0, 0.0
0.0, 0.0, 11.0, 8.0, 0.0, 0.0, 0.0, 1.0, 0.0, 0.0, 0.0, 0.0, 20.0, 0.0, 3.0, 0.0, 29.0, 0.0, 13.0, 0.0, 52.0, 4.0, 5.0, 0.0, 0.0, 0.0
0.0, 0.0, 0.0, 6.0, 0.0, 3.0, 0.0, 0.0, 0.0, 0.0, 0.0, 0.0, 2.0, 0.0, 0.0, 1.0, 0.0, 0.0, 0.0, 0.0, 14.0, 18.0, 17.0, 0.0, 83.0, 0.0
0.0, 0.0, 0.0, 0.0, 0.0, 0.0, 0.0, 3.0, 0.0, 0.0, 0.0, 0.0, 28.0, 0.0, 0.0, 0.0, 3.0, 0.0, 0.0, 0.0, 4.0, 10.0, 103.0, 0.0, 0.0, 0.0
0.0, 0.0, 0.0, 2.0, 0.0, 0.0, 0.0, 0.0, 0.0, 0.0, 0.0, 0.0, 1.0, 5.0, 0.0, 2.0, 18.0, 0.0, 124.0, 0.0, 3.0, 0.0, 5.0, 0.0, 0.0, 0.0
0.0, 0.0, 0.0, 5.0, 0.0, 21.0, 0.0, 0.0, 0.0, 0.0, 0.0, 0.0, 0.0, 0.0, 1.0, 1.0, 0.0, 0.0, 21.0, 0.0, 16.0, 19.0, 7.0, 0.0, 62.0, 0.0
0.0, 0.0, 0.0, 0.0, 0.0, 0.0, 0.0, 0.0, 0.0, 0.0, 0.0, 0.0, 0.0, 1.0, 0.0, 0.0, 8.0, 0.0, 146.0, 0.0, 0.0, 0.0, 2.0, 0.0, 0.0, 0.0

Key, Precision, Recall
A, 0.7222, 0.9
C, 0.6169, 0.4872
D, 0.5517, 0.2749
F, 0.5, 0.3904
H, 0.0486, 0.3043
J, 0.5325, 0.9783
L, 0.3467, 1.0
M, 0.7958, 0.4431
N, 0.0417, 0.0833
O, 0.1448, 0.2308
P, 0.2431, 0.5469
Q, 0.625, 0.1641
R, 0.0, 0.0
S, 0.7434, 0.0882
U, 0.3562, 0.416
V, 0.125, 0.0957
W, 0.6821, 0.4137
Y, 0.4052, 0.3605
Overall Correct: 0.2807


Confusion Matrix
92.0, 0.0, 0.0, 0.0, 13.0, 0.0, 0.0, 0.0, 6.0, 0.0, 42.0, 0.0, 0.0, 3.0, 0.0, 0.0, 0.0, 0.0, 0.0, 0.0, 0.0, 0.0, 0.0, 0.0, 0.0, 0.0
0.0, 0.0, 0.0, 0.0, 91.0, 0.0, 0.0, 0.0, 12.0, 0.0, 26.0, 0.0, 0.0, 1.0, 0.0, 3.0, 0.0, 0.0, 0.0, 0.0, 0.0, 0.0, 0.0, 1.0, 0.0, 4.0
0.0, 0.0, 88.0, 0.0, 27.0, 0.0, 0.0, 0.0, 4.0, 0.0, 4.0, 0.0, 0.0, 7.0, 0.0, 0.0, 0.0, 0.0, 0.0, 0.0, 3.0, 0.0, 0.0, 0.0, 0.0, 6.0
0.0, 0.0, 10.0, 2.0, 51.0, 0.0, 0.0, 0.0, 12.0, 0.0, 48.0, 0.0, 1.0, 35.0, 2.0, 2.0, 0.0, 0.0, 0.0, 0.0, 0.0, 0.0, 0.0, 3.0, 0.0, 3.0
0.0, 0.0, 28.0, 0.0, 56.0, 0.0, 0.0, 0.0, 12.0, 0.0, 25.0, 0.0, 0.0, 0.0, 0.0, 0.0, 0.0, 0.0, 0.0, 0.0, 4.0, 0.0, 0.0, 0.0, 0.0, 20.0
0.0, 0.0, 0.0, 0.0, 17.0, 0.0, 0.0, 0.0, 19.0, 0.0, 23.0, 0.0, 0.0, 1.0, 0.0, 16.0, 0.0, 0.0, 0.0, 57.0, 1.0, 0.0, 0.0, 0.0, 0.0, 19.0
0.0, 0.0, 27.0, 0.0, 89.0, 0.0, 0.0, 0.0, 0.0, 0.0, 16.0, 0.0, 0.0, 15.0, 4.0, 0.0, 0.0, 0.0, 0.0, 0.0, 0.0, 0.0, 0.0, 0.0, 0.0, 4.0
0.0, 0.0, 0.0, 1.0, 28.0, 0.0, 0.0, 1.0, 7.0, 0.0, 37.0, 0.0, 1.0, 69.0, 1.0, 1.0, 0.0, 0.0, 0.0, 0.0, 4.0, 0.0, 1.0, 3.0, 0.0, 0.0
0.0, 0.0, 0.0, 1.0, 7.0, 0.0, 0.0, 0.0, 56.0, 0.0, 51.0, 0.0, 0.0, 0.0, 0.0, 0.0, 0.0, 0.0, 0.0, 0.0, 0.0, 0.0, 0.0, 0.0, 0.0, 34.0
0.0, 0.0, 0.0, 0.0, 11.0, 0.0, 0.0, 1.0, 34.0, 32.0, 56.0, 0.0, 0.0, 3.0, 0.0, 0.0, 0.0, 0.0, 0.0, 0.0, 0.0, 0.0, 0.0, 0.0, 0.0, 3.0
0.0, 0.0, 5.0, 0.0, 44.0, 0.0, 0.0, 0.0, 4.0, 0.0, 63.0, 0.0, 0.0, 44.0, 0.0, 0.0, 0.0, 0.0, 0.0, 0.0, 8.0, 0.0, 0.0, 1.0, 0.0, 0.0
3.0, 0.0, 0.0, 0.0, 25.0, 0.0, 0.0, 0.0, 19.0, 0.0, 61.0, 53.0, 0.0, 1.0, 0.0, 0.0, 0.0, 0.0, 0.0, 0.0, 0.0, 0.0, 0.0, 0.0, 0.0, 4.0
4.0, 0.0, 0.0, 0.0, 11.0, 0.0, 0.0, 0.0, 0.0, 0.0, 24.0, 0.0, 74.0, 23.0, 0.0, 0.0, 0.0, 0.0, 0.0, 0.0, 1.0, 0.0, 5.0, 0.0, 0.0, 0.0
0.0, 0.0, 0.0, 4.0, 14.0, 0.0, 0.0, 0.0, 4.0, 0.0, 39.0, 0.0, 7.0, 81.0, 0.0, 2.0, 0.0, 0.0, 0.0, 0.0, 5.0, 0.0, 2.0, 0.0, 0.0, 0.0
0.0, 0.0, 0.0, 0.0, 23.0, 0.0, 0.0, 0.0, 17.0, 0.0, 50.0, 0.0, 1.0, 45.0, 2.0, 0.0, 0.0, 0.0, 0.0, 0.0, 0.0, 0.0, 0.0, 6.0, 0.0, 0.0
0.0, 0.0, 13.0, 0.0, 19.0, 0.0, 0.0, 0.0, 31.0, 0.0, 27.0, 0.0, 0.0, 3.0, 0.0, 72.0, 0.0, 0.0, 0.0, 8.0, 0.0, 0.0, 0.0, 0.0, 0.0, 1.0
1.0, 0.0, 0.0, 0.0, 95.0, 0.0, 0.0, 0.0, 2.0, 0.0, 36.0, 0.0, 0.0, 14.0, 1.0, 0.0, 0.0, 0.0, 0.0, 0.0, 0.0, 0.0, 0.0, 1.0, 0.0, 5.0
0.0, 0.0, 0.0, 4.0, 73.0, 0.0, 0.0, 0.0, 15.0, 0.0, 44.0, 0.0, 3.0, 28.0, 3.0, 1.0, 0.0, 0.0, 0.0, 0.0, 0.0, 0.0, 0.0, 3.0, 0.0, 0.0
2.0, 0.0, 0.0, 0.0, 57.0, 0.0, 0.0, 0.0, 14.0, 0.0, 42.0, 0.0, 0.0, 0.0, 0.0, 0.0, 0.0, 0.0, 0.0, 0.0, 0.0, 0.0, 1.0, 0.0, 0.0, 38.0
0.0, 0.0, 0.0, 0.0, 23.0, 0.0, 0.0, 0.0, 13.0, 0.0, 16.0, 0.0, 0.0, 0.0, 0.0, 7.0, 0.0, 0.0, 0.0, 51.0, 0.0, 33.0, 1.0, 0.0, 8.0, 3.0
0.0, 0.0, 3.0, 0.0, 16.0, 0.0, 0.0, 0.0, 2.0, 0.0, 19.0, 0.0, 4.0, 49.0, 0.0, 0.0, 0.0, 0.0, 0.0, 0.0, 62.0, 0.0, 1.0, 0.0, 0.0, 0.0
0.0, 0.0, 0.0, 0.0, 19.0, 0.0, 0.0, 0.0, 0.0, 0.0, 4.0, 0.0, 1.0, 6.0, 0.0, 8.0, 0.0, 0.0, 0.0, 19.0, 10.0, 73.0, 13.0, 0.0, 11.0, 0.0
0.0, 0.0, 0.0, 0.0, 16.0, 0.0, 0.0, 0.0, 0.0, 0.0, 0.0, 0.0, 6.0, 23.0, 0.0, 1.0, 0.0, 0.0, 0.0, 1.0, 1.0, 11.0, 74.0, 0.0, 0.0, 0.0
0.0, 0.0, 0.0, 0.0, 24.0, 0.0, 0.0, 0.0, 25.0, 0.0, 59.0, 0.0, 0.0, 4.0, 0.0, 0.0, 0.0, 0.0, 0.0, 0.0, 8.0, 0.0, 0.0, 2.0, 0.0, 33.0
0.0, 0.0, 1.0, 0.0, 28.0, 0.0, 0.0, 0.0, 2.0, 0.0, 3.0, 0.0, 0.0, 5.0, 0.0, 3.0, 0.0, 0.0, 0.0, 35.0, 11.0, 56.0, 1.0, 0.0, 17.0, 0.0
0.0, 0.0, 0.0, 0.0, 24.0, 0.0, 0.0, 0.0, 13.0, 0.0, 29.0, 0.0, 0.0, 0.0, 0.0, 3.0, 0.0, 0.0, 0.0, 1.0, 0.0, 0.0, 0.0, 0.0, 0.0, 71.0

Key, Precision, Recall
A, 0.5897, 0.902
C, 0.6331, 0.5029
D, 0.0118, 0.1667
E, 0.3862, 0.0622
H, 0.0065, 0.5
I, 0.3758, 0.1734
J, 0.2286, 1.0
K, 0.3728, 0.0746
L, 0.3193, 1.0
M, 0.5211, 0.7551
N, 0.5127, 0.1761
O, 0.0139, 0.1538
P, 0.4138, 0.605
T, 0.329, 0.2965
U, 0.3974, 0.5254
V, 0.4451, 0.422
W, 0.5564, 0.7475
X, 0.0129, 0.1
Y, 0.1049, 0.4722
Z, 0.5035, 0.2863
Overall Correct: 0.2555