10992 Patterns Available (1x16)
Found 10 targets.
Constructing Centers and Sigmas...
Centers: [0, 1, 2, 3, 4, 5, 6, 7, 8, 9]
Mode[Train:8793]
Time [3.5114sec]
Mode[Test:2199]
Time [0.8384sec]

Confusion Matrix
208.0, 1.0, 0.0, 0.0, 3.0, 0.0, 19.0, 0.0, 0.0, 0.0
0.0, 131.0, 55.0, 30.0, 0.0, 0.0, 10.0, 8.0, 0.0, 0.0
0.0, 1.0, 217.0, 0.0, 0.0, 0.0, 0.0, 5.0, 0.0, 0.0
0.0, 8.0, 0.0, 229.0, 1.0, 0.0, 0.0, 0.0, 0.0, 0.0
0.0, 3.0, 1.0, 0.0, 206.0, 0.0, 8.0, 0.0, 0.0, 0.0
1.0, 0.0, 0.0, 42.0, 0.0, 107.0, 20.0, 10.0, 0.0, 19.0
0.0, 0.0, 0.0, 0.0, 0.0, 0.0, 197.0, 0.0, 0.0, 0.0
0.0, 25.0, 17.0, 5.0, 1.0, 0.0, 2.0, 182.0, 0.0, 0.0
94.0, 3.0, 1.0, 10.0, 0.0, 10.0, 2.0, 42.0, 52.0, 0.0
4.0, 22.0, 1.0, 59.0, 38.0, 0.0, 1.0, 0.0, 0.0, 88.0

Key, Precision, Recall
0, 0.9004, 0.6775
1, 0.5598, 0.6753
2, 0.9731, 0.7432
3, 0.9622, 0.6107
4, 0.945, 0.8273
5, 0.5377, 0.9145
6, 1.0, 0.7606
7, 0.7845, 0.7368
8, 0.243, 1.0
9, 0.4131, 0.8224
Overall Correct: 0.7353


Confusion Matrix
188.0, 1.0, 1.0, 0.0, 1.0, 0.0, 20.0, 2.0, 0.0, 0.0
0.0, 133.0, 52.0, 35.0, 0.0, 0.0, 1.0, 10.0, 0.0, 0.0
0.0, 4.0, 220.0, 0.0, 0.0, 0.0, 0.0, 12.0, 0.0, 0.0
0.0, 2.0, 0.0, 190.0, 2.0, 0.0, 0.0, 0.0, 0.0, 0.0
0.0, 1.0, 0.0, 2.0, 232.0, 0.0, 11.0, 0.0, 0.0, 0.0
0.0, 0.0, 0.0, 43.0, 0.0, 116.0, 11.0, 7.0, 0.0, 24.0
0.0, 0.0, 0.0, 3.0, 0.0, 0.0, 217.0, 0.0, 0.0, 0.0
0.0, 32.0, 1.0, 14.0, 1.0, 0.0, 1.0, 178.0, 0.0, 0.0
61.0, 0.0, 1.0, 20.0, 0.0, 12.0, 2.0, 28.0, 75.0, 0.0
4.0, 8.0, 0.0, 114.0, 44.0, 0.0, 0.0, 0.0, 0.0, 62.0

Key, Precision, Recall
0, 0.8826, 0.7431
1, 0.5758, 0.7348
2, 0.9322, 0.8
3, 0.9794, 0.4513
4, 0.9431, 0.8286
5, 0.5771, 0.9063
6, 0.9864, 0.8251
7, 0.7841, 0.7511
8, 0.3769, 1.0
9, 0.2672, 0.7209
Overall Correct: 0.7326


Confusion Matrix
198.0, 0.0, 3.0, 0.0, 1.0, 0.0, 13.0, 0.0, 0.0, 0.0
0.0, 123.0, 76.0, 25.0, 1.0, 0.0, 6.0, 7.0, 0.0, 0.0
0.0, 3.0, 234.0, 0.0, 0.0, 0.0, 0.0, 0.0, 0.0, 0.0
0.0, 1.0, 0.0, 220.0, 1.0, 0.0, 0.0, 0.0, 0.0, 0.0
0.0, 2.0, 0.0, 0.0, 210.0, 0.0, 7.0, 0.0, 0.0, 0.0
4.0, 0.0, 0.0, 52.0, 0.0, 125.0, 25.0, 5.0, 0.0, 15.0
0.0, 0.0, 0.0, 0.0, 0.0, 0.0, 215.0, 0.0, 0.0, 0.0
0.0, 25.0, 34.0, 13.0, 0.0, 0.0, 0.0, 152.0, 0.0, 0.0
82.0, 0.0, 19.0, 10.0, 0.0, 8.0, 0.0, 13.0, 65.0, 0.0
0.0, 17.0, 6.0, 68.0, 33.0, 0.0, 0.0, 0.0, 0.0, 82.0

Key, Precision, Recall
0, 0.9209, 0.6972
1, 0.5168, 0.7193
2, 0.9873, 0.629
3, 0.991, 0.567
4, 0.9589, 0.8537
5, 0.5531, 0.9398
6, 1.0, 0.8083
7, 0.6786, 0.8588
8, 0.3299, 1.0
9, 0.3981, 0.8454
Overall Correct: 0.7385


Confusion Matrix
207.0, 1.0, 3.0, 0.0, 3.0, 0.0, 11.0, 0.0, 0.0, 0.0
0.0, 126.0, 62.0, 30.0, 0.0, 0.0, 13.0, 5.0, 0.0, 0.0
0.0, 3.0, 227.0, 0.0, 0.0, 0.0, 0.0, 4.0, 0.0, 0.0
0.0, 2.0, 0.0, 220.0, 0.0, 0.0, 0.0, 0.0, 0.0, 0.0
0.0, 3.0, 0.0, 0.0, 197.0, 0.0, 5.0, 0.0, 0.0, 0.0
6.0, 0.0, 0.0, 53.0, 0.0, 117.0, 15.0, 8.0, 0.0, 12.0
0.0, 0.0, 1.0, 0.0, 1.0, 1.0, 191.0, 0.0, 0.0, 0.0
0.0, 40.0, 24.0, 9.0, 1.0, 0.0, 2.0, 167.0, 0.0, 0.0
89.0, 3.0, 13.0, 21.0, 0.0, 6.0, 4.0, 13.0, 69.0, 0.0
0.0, 22.0, 3.0, 79.0, 38.0, 0.0, 1.0, 0.0, 0.0, 68.0

Key, Precision, Recall
0, 0.92, 0.6854
1, 0.5339, 0.63
2, 0.9701, 0.6817
3, 0.991, 0.534
4, 0.961, 0.8208
5, 0.5545, 0.9435
6, 0.9845, 0.7893
7, 0.6872, 0.8477
8, 0.3165, 1.0
9, 0.3223, 0.85
Overall Correct: 0.7226


Confusion Matrix
202.0, 0.0, 0.0, 0.0, 2.0, 0.0, 19.0, 0.0, 0.0, 0.0
0.0, 116.0, 49.0, 41.0, 0.0, 0.0, 7.0, 10.0, 0.0, 0.0
0.0, 1.0, 239.0, 0.0, 0.0, 0.0, 0.0, 4.0, 0.0, 0.0
0.0, 3.0, 1.0, 206.0, 0.0, 0.0, 0.0, 0.0, 0.0, 0.0
0.0, 1.0, 1.0, 1.0, 212.0, 0.0, 14.0, 0.0, 0.0, 2.0
0.0, 0.0, 0.0, 47.0, 0.0, 111.0, 15.0, 6.0, 0.0, 14.0
0.0, 0.0, 0.0, 0.0, 1.0, 0.0, 198.0, 0.0, 0.0, 0.0
0.0, 27.0, 19.0, 12.0, 1.0, 0.0, 0.0, 191.0, 0.0, 0.0
88.0, 0.0, 8.0, 10.0, 0.0, 22.0, 8.0, 17.0, 55.0, 0.0
4.0, 9.0, 2.0, 101.0, 34.0, 0.0, 4.0, 0.0, 0.0, 64.0

Key, Precision, Recall
0, 0.9058, 0.6871
1, 0.5202, 0.7389
2, 0.9795, 0.7492
3, 0.981, 0.4928
4, 0.9177, 0.848
5, 0.5751, 0.8346
6, 0.995, 0.7472
7, 0.764, 0.8377
8, 0.2644, 1.0
9, 0.2936, 0.8
Overall Correct: 0.7249


Confusion Matrix
194.0, 0.0, 4.0, 0.0, 1.0, 0.0, 19.0, 0.0, 0.0, 0.0
0.0, 126.0, 58.0, 40.0, 1.0, 0.0, 2.0, 1.0, 0.0, 0.0
0.0, 1.0, 239.0, 0.0, 0.0, 0.0, 0.0, 3.0, 0.0, 0.0
0.0, 2.0, 0.0, 216.0, 0.0, 0.0, 0.0, 0.0, 0.0, 0.0
0.0, 1.0, 1.0, 2.0, 203.0, 0.0, 13.0, 0.0, 0.0, 1.0
1.0, 0.0, 0.0, 57.0, 0.0, 120.0, 13.0, 2.0, 0.0, 16.0
0.0, 0.0, 0.0, 0.0, 0.0, 0.0, 202.0, 0.0, 0.0, 0.0
0.0, 34.0, 18.0, 15.0, 0.0, 0.0, 1.0, 180.0, 0.0, 0.0
73.0, 0.0, 5.0, 17.0, 0.0, 25.0, 2.0, 15.0, 60.0, 0.0
5.0, 5.0, 2.0, 84.0, 39.0, 0.0, 0.0, 0.0, 0.0, 80.0

Key, Precision, Recall
0, 0.8899, 0.7106
1, 0.5526, 0.7456
2, 0.9835, 0.7309
3, 0.9908, 0.5012
4, 0.9186, 0.832
5, 0.5742, 0.8276
6, 1.0, 0.8016
7, 0.7258, 0.8955
8, 0.3046, 1.0
9, 0.3721, 0.8247
Overall Correct: 0.7367


Confusion Matrix
222.0, 1.0, 2.0, 0.0, 4.0, 0.0, 15.0, 0.0, 0.0, 0.0
0.0, 126.0, 52.0, 28.0, 0.0, 0.0, 14.0, 0.0, 0.0, 0.0
0.0, 3.0, 220.0, 0.0, 0.0, 0.0, 0.0, 2.0, 0.0, 0.0
0.0, 4.0, 0.0, 231.0, 0.0, 0.0, 0.0, 0.0, 0.0, 0.0
0.0, 2.0, 1.0, 1.0, 187.0, 0.0, 11.0, 0.0, 0.0, 0.0
1.0, 0.0, 0.0, 43.0, 0.0, 125.0, 26.0, 2.0, 0.0, 17.0
0.0, 0.0, 0.0, 0.0, 0.0, 0.0, 194.0, 0.0, 0.0, 0.0
0.0, 31.0, 30.0, 12.0, 0.0, 0.0, 2.0, 160.0, 0.0, 0.0
105.0, 0.0, 23.0, 12.0, 0.0, 13.0, 7.0, 9.0, 52.0, 0.0
3.0, 20.0, 2.0, 66.0, 39.0, 0.0, 4.0, 0.0, 0.0, 75.0

Key, Precision, Recall
0, 0.9098, 0.6707
1, 0.5727, 0.6738
2, 0.9778, 0.6667
3, 0.983, 0.5878
4, 0.9257, 0.813
5, 0.5841, 0.9058
6, 1.0, 0.7106
7, 0.6809, 0.9249
8, 0.2353, 1.0
9, 0.3589, 0.8152
Overall Correct: 0.724


Confusion Matrix
209.0, 0.0, 2.0, 0.0, 4.0, 0.0, 17.0, 0.0, 0.0, 0.0
0.0, 118.0, 69.0, 32.0, 0.0, 0.0, 5.0, 3.0, 0.0, 0.0
0.0, 3.0, 219.0, 0.0, 0.0, 0.0, 0.0, 1.0, 0.0, 0.0
0.0, 3.0, 0.0, 201.0, 0.0, 0.0, 0.0, 0.0, 0.0, 0.0
0.0, 1.0, 0.0, 2.0, 215.0, 0.0, 12.0, 0.0, 0.0, 0.0
0.0, 0.0, 0.0, 52.0, 0.0, 122.0, 17.0, 1.0, 0.0, 14.0
0.0, 0.0, 0.0, 0.0, 0.0, 1.0, 197.0, 0.0, 0.0, 0.0
0.0, 40.0, 33.0, 16.0, 0.0, 0.0, 1.0, 175.0, 0.0, 0.0
66.0, 0.0, 25.0, 21.0, 0.0, 36.0, 2.0, 6.0, 44.0, 0.0
1.0, 9.0, 3.0, 113.0, 29.0, 0.0, 3.0, 1.0, 0.0, 55.0

Key, Precision, Recall
0, 0.9009, 0.7572
1, 0.5198, 0.6782
2, 0.9821, 0.6239
3, 0.9853, 0.46
4, 0.9348, 0.8669
5, 0.5922, 0.7673
6, 0.9949, 0.7756
7, 0.6604, 0.9358
8, 0.22, 1.0
9, 0.257, 0.7971
Overall Correct: 0.7071


Confusion Matrix
217.0, 0.0, 1.0, 0.0, 5.0, 0.0, 22.0, 0.0, 0.0, 0.0
0.0, 115.0, 61.0, 42.0, 2.0, 0.0, 1.0, 4.0, 0.0, 0.0
0.0, 2.0, 211.0, 0.0, 0.0, 0.0, 0.0, 2.0, 0.0, 0.0
0.0, 2.0, 0.0, 207.0, 0.0, 0.0, 0.0, 0.0, 0.0, 0.0
0.0, 0.0, 0.0, 0.0, 212.0, 0.0, 9.0, 0.0, 0.0, 0.0
0.0, 0.0, 0.0, 56.0, 0.0, 121.0, 15.0, 7.0, 0.0, 15.0
0.0, 0.0, 0.0, 0.0, 0.0, 1.0, 207.0, 0.0, 0.0, 0.0
0.0, 35.0, 25.0, 20.0, 3.0, 0.0, 0.0, 157.0, 0.0, 0.0
72.0, 0.0, 10.0, 16.0, 0.0, 21.0, 3.0, 14.0, 80.0, 0.0
3.0, 8.0, 2.0, 99.0, 42.0, 0.0, 0.0, 0.0, 0.0, 52.0

Key, Precision, Recall
0, 0.8857, 0.7432
1, 0.5111, 0.7099
2, 0.9814, 0.6806
3, 0.9904, 0.4705
4, 0.9593, 0.803
5, 0.5654, 0.8462
6, 0.9952, 0.8054
7, 0.6542, 0.8533
8, 0.3704, 1.0
9, 0.2524, 0.7761
Overall Correct: 0.7181


Confusion Matrix
203.0, 0.0, 0.0, 0.0, 9.0, 0.0, 14.0, 0.0, 0.0, 0.0
0.0, 133.0, 61.0, 38.0, 3.0, 0.0, 5.0, 14.0, 0.0, 0.0
0.0, 1.0, 214.0, 0.0, 0.0, 0.0, 0.0, 17.0, 0.0, 0.0
0.0, 0.0, 0.0, 216.0, 1.0, 0.0, 0.0, 0.0, 0.0, 0.0
0.0, 1.0, 0.0, 0.0, 192.0, 0.0, 6.0, 0.0, 0.0, 0.0
1.0, 0.0, 0.0, 67.0, 0.0, 119.0, 11.0, 11.0, 0.0, 9.0
0.0, 0.0, 0.0, 0.0, 1.0, 1.0, 193.0, 0.0, 0.0, 0.0
0.0, 19.0, 6.0, 16.0, 0.0, 0.0, 1.0, 184.0, 0.0, 0.0
92.0, 0.0, 0.0, 14.0, 0.0, 11.0, 5.0, 71.0, 39.0, 0.0
1.0, 3.0, 0.0, 90.0, 50.0, 0.0, 0.0, 4.0, 0.0, 52.0

Key, Precision, Recall
0, 0.8982, 0.6835
1, 0.5236, 0.8471
2, 0.9224, 0.7616
3, 0.9954, 0.4898
4, 0.9648, 0.75
5, 0.5459, 0.9084
6, 0.9897, 0.8213
7, 0.8142, 0.6113
8, 0.1681, 1.0
9, 0.26, 0.8525
Overall Correct: 0.7026