20000 Patterns Available (1x16)
Found 26 targets.
Constructing Centers and Sigmas...
Centers: [A, B, C, D, E, F, G, H, I, J, K, L, M, N, O, P, Q, R, S, T, U, V, W, X, Y, Z]
Mode[Train:16000]
Time [25.73sec]
Mode[Test:4000]
Time [3.5935sec]

Confusion Matrix
100.0, 0.0, 0.0, 0.0, 0.0, 0.0, 0.0, 0.0, 0.0, 0.0, 0.0, 2.0, 1.0, 0.0, 0.0, 0.0, 0.0, 61.0, 0.0, 0.0, 0.0, 0.0, 0.0, 0.0, 0.0, 0.0
0.0, 1.0, 0.0, 0.0, 0.0, 0.0, 0.0, 0.0, 0.0, 0.0, 0.0, 0.0, 0.0, 0.0, 0.0, 0.0, 0.0, 156.0, 0.0, 0.0, 0.0, 0.0, 0.0, 0.0, 0.0, 0.0
0.0, 0.0, 51.0, 0.0, 0.0, 0.0, 0.0, 0.0, 0.0, 0.0, 0.0, 0.0, 0.0, 0.0, 2.0, 0.0, 0.0, 58.0, 0.0, 0.0, 0.0, 0.0, 0.0, 0.0, 0.0, 0.0
0.0, 0.0, 0.0, 0.0, 0.0, 0.0, 0.0, 0.0, 0.0, 0.0, 0.0, 0.0, 0.0, 0.0, 3.0, 0.0, 0.0, 142.0, 0.0, 0.0, 0.0, 0.0, 0.0, 0.0, 0.0, 0.0
0.0, 0.0, 41.0, 0.0, 2.0, 0.0, 0.0, 0.0, 0.0, 0.0, 0.0, 0.0, 0.0, 0.0, 0.0, 0.0, 0.0, 110.0, 0.0, 0.0, 1.0, 0.0, 0.0, 0.0, 0.0, 3.0
0.0, 0.0, 0.0, 0.0, 0.0, 63.0, 0.0, 0.0, 0.0, 0.0, 0.0, 0.0, 0.0, 0.0, 0.0, 16.0, 0.0, 72.0, 0.0, 0.0, 0.0, 0.0, 1.0, 0.0, 0.0, 0.0
0.0, 0.0, 12.0, 0.0, 0.0, 0.0, 0.0, 0.0, 0.0, 0.0, 0.0, 0.0, 0.0, 0.0, 0.0, 0.0, 0.0, 135.0, 0.0, 0.0, 0.0, 0.0, 0.0, 0.0, 0.0, 0.0
0.0, 0.0, 0.0, 0.0, 0.0, 0.0, 0.0, 0.0, 0.0, 0.0, 0.0, 0.0, 0.0, 19.0, 3.0, 0.0, 0.0, 138.0, 0.0, 0.0, 1.0, 0.0, 3.0, 0.0, 0.0, 0.0
0.0, 0.0, 0.0, 0.0, 0.0, 0.0, 0.0, 0.0, 0.0, 15.0, 0.0, 0.0, 0.0, 0.0, 0.0, 2.0, 0.0, 121.0, 0.0, 0.0, 0.0, 0.0, 0.0, 0.0, 0.0, 1.0
0.0, 0.0, 0.0, 0.0, 0.0, 0.0, 0.0, 0.0, 0.0, 79.0, 0.0, 0.0, 0.0, 0.0, 0.0, 2.0, 0.0, 65.0, 0.0, 0.0, 0.0, 0.0, 0.0, 0.0, 0.0, 0.0
0.0, 0.0, 1.0, 0.0, 0.0, 0.0, 0.0, 0.0, 0.0, 0.0, 0.0, 0.0, 0.0, 0.0, 0.0, 0.0, 0.0, 150.0, 0.0, 0.0, 0.0, 0.0, 0.0, 0.0, 0.0, 1.0
1.0, 0.0, 0.0, 0.0, 0.0, 0.0, 0.0, 0.0, 0.0, 0.0, 0.0, 69.0, 0.0, 0.0, 0.0, 0.0, 0.0, 79.0, 0.0, 0.0, 0.0, 0.0, 0.0, 0.0, 0.0, 0.0
4.0, 0.0, 0.0, 0.0, 0.0, 0.0, 0.0, 0.0, 0.0, 0.0, 0.0, 0.0, 7.0, 10.0, 0.0, 0.0, 0.0, 148.0, 0.0, 0.0, 0.0, 0.0, 2.0, 0.0, 0.0, 0.0
0.0, 0.0, 0.0, 0.0, 0.0, 0.0, 0.0, 0.0, 0.0, 0.0, 0.0, 0.0, 2.0, 37.0, 3.0, 0.0, 0.0, 128.0, 0.0, 0.0, 0.0, 0.0, 13.0, 0.0, 0.0, 0.0
1.0, 0.0, 0.0, 0.0, 0.0, 0.0, 0.0, 0.0, 0.0, 0.0, 0.0, 0.0, 0.0, 0.0, 21.0, 0.0, 0.0, 121.0, 0.0, 0.0, 0.0, 0.0, 0.0, 0.0, 0.0, 0.0
0.0, 0.0, 0.0, 0.0, 0.0, 13.0, 0.0, 0.0, 0.0, 0.0, 0.0, 0.0, 0.0, 0.0, 0.0, 57.0, 0.0, 95.0, 0.0, 0.0, 0.0, 0.0, 0.0, 0.0, 0.0, 0.0
1.0, 0.0, 0.0, 0.0, 0.0, 0.0, 0.0, 0.0, 0.0, 0.0, 0.0, 0.0, 0.0, 0.0, 10.0, 0.0, 0.0, 167.0, 0.0, 0.0, 0.0, 0.0, 0.0, 0.0, 0.0, 0.0
0.0, 0.0, 0.0, 0.0, 0.0, 0.0, 0.0, 0.0, 0.0, 0.0, 0.0, 0.0, 1.0, 0.0, 0.0, 0.0, 0.0, 162.0, 0.0, 0.0, 0.0, 0.0, 0.0, 0.0, 0.0, 0.0
0.0, 0.0, 0.0, 0.0, 0.0, 0.0, 0.0, 0.0, 0.0, 0.0, 0.0, 0.0, 0.0, 0.0, 0.0, 0.0, 0.0, 144.0, 8.0, 0.0, 0.0, 0.0, 0.0, 0.0, 0.0, 0.0
0.0, 0.0, 0.0, 0.0, 0.0, 37.0, 0.0, 0.0, 0.0, 0.0, 0.0, 0.0, 0.0, 0.0, 0.0, 6.0, 0.0, 33.0, 0.0, 0.0, 0.0, 74.0, 0.0, 0.0, 0.0, 0.0
0.0, 0.0, 0.0, 0.0, 0.0, 1.0, 0.0, 0.0, 0.0, 0.0, 0.0, 0.0, 3.0, 0.0, 0.0, 0.0, 0.0, 96.0, 0.0, 0.0, 42.0, 0.0, 1.0, 0.0, 0.0, 0.0
0.0, 0.0, 0.0, 0.0, 0.0, 9.0, 0.0, 0.0, 0.0, 0.0, 0.0, 0.0, 0.0, 0.0, 0.0, 2.0, 0.0, 23.0, 0.0, 0.0, 0.0, 104.0, 13.0, 0.0, 0.0, 0.0
0.0, 0.0, 0.0, 0.0, 0.0, 0.0, 0.0, 0.0, 0.0, 0.0, 0.0, 0.0, 0.0, 0.0, 0.0, 0.0, 0.0, 40.0, 0.0, 0.0, 0.0, 23.0, 79.0, 0.0, 0.0, 0.0
0.0, 0.0, 0.0, 0.0, 0.0, 0.0, 0.0, 0.0, 0.0, 0.0, 0.0, 0.0, 0.0, 0.0, 2.0, 0.0, 0.0, 155.0, 0.0, 0.0, 1.0, 0.0, 0.0, 0.0, 0.0, 1.0
0.0, 0.0, 0.0, 0.0, 0.0, 30.0, 0.0, 0.0, 0.0, 0.0, 0.0, 0.0, 0.0, 0.0, 0.0, 0.0, 0.0, 71.0, 0.0, 0.0, 0.0, 66.0, 0.0, 0.0, 0.0, 0.0
0.0, 0.0, 2.0, 0.0, 0.0, 0.0, 0.0, 0.0, 0.0, 0.0, 0.0, 0.0, 0.0, 0.0, 0.0, 0.0, 0.0, 118.0, 2.0, 0.0, 0.0, 0.0, 0.0, 0.0, 0.0, 28.0

Key, Precision, Recall
A, 0.6098, 0.9346
B, 0.0064, 1.0
C, 0.4595, 0.4766
E, 0.0127, 1.0
F, 0.4145, 0.4118
J, 0.5411, 0.8404
L, 0.4631, 0.9718
M, 0.0409, 0.5
N, 0.2022, 0.5606
O, 0.1469, 0.4773
P, 0.3455, 0.6706
R, 0.9939, 0.0581
S, 0.0526, 0.8
U, 0.2937, 0.9333
V, 0.6887, 0.3895
W, 0.5563, 0.7054
Z, 0.1867, 0.8235
Overall Correct: 0.2275


Confusion Matrix
96.0, 0.0, 0.0, 0.0, 0.0, 0.0, 0.0, 0.0, 0.0, 1.0, 0.0, 0.0, 0.0, 1.0, 0.0, 0.0, 73.0, 0.0, 0.0, 0.0, 0.0, 0.0, 0.0, 0.0, 0.0, 0.0
0.0, 0.0, 0.0, 1.0, 0.0, 0.0, 0.0, 0.0, 0.0, 0.0, 0.0, 0.0, 0.0, 0.0, 0.0, 0.0, 133.0, 0.0, 3.0, 0.0, 0.0, 0.0, 0.0, 0.0, 0.0, 0.0
0.0, 0.0, 69.0, 0.0, 0.0, 0.0, 0.0, 0.0, 0.0, 0.0, 0.0, 0.0, 1.0, 0.0, 1.0, 0.0, 72.0, 0.0, 0.0, 0.0, 0.0, 0.0, 0.0, 0.0, 0.0, 0.0
0.0, 0.0, 0.0, 2.0, 0.0, 0.0, 0.0, 0.0, 0.0, 0.0, 0.0, 0.0, 0.0, 0.0, 0.0, 0.0, 163.0, 0.0, 0.0, 0.0, 0.0, 0.0, 0.0, 0.0, 0.0, 0.0
0.0, 0.0, 34.0, 0.0, 0.0, 0.0, 0.0, 0.0, 0.0, 0.0, 0.0, 0.0, 0.0, 0.0, 0.0, 0.0, 132.0, 0.0, 1.0, 0.0, 0.0, 0.0, 0.0, 0.0, 1.0, 6.0
0.0, 0.0, 0.0, 0.0, 0.0, 25.0, 0.0, 0.0, 0.0, 0.0, 0.0, 0.0, 0.0, 0.0, 0.0, 27.0, 90.0, 0.0, 0.0, 0.0, 0.0, 0.0, 1.0, 0.0, 7.0, 0.0
0.0, 0.0, 7.0, 0.0, 0.0, 0.0, 0.0, 0.0, 0.0, 0.0, 0.0, 0.0, 0.0, 0.0, 1.0, 0.0, 134.0, 0.0, 0.0, 0.0, 0.0, 0.0, 0.0, 0.0, 0.0, 0.0
0.0, 0.0, 0.0, 0.0, 0.0, 0.0, 0.0, 0.0, 0.0, 0.0, 0.0, 0.0, 0.0, 34.0, 0.0, 0.0, 108.0, 0.0, 0.0, 0.0, 0.0, 0.0, 2.0, 0.0, 0.0, 0.0
0.0, 0.0, 0.0, 0.0, 0.0, 0.0, 0.0, 0.0, 0.0, 31.0, 0.0, 0.0, 0.0, 0.0, 0.0, 1.0, 123.0, 0.0, 0.0, 0.0, 0.0, 0.0, 0.0, 0.0, 0.0, 0.0
0.0, 0.0, 0.0, 0.0, 0.0, 0.0, 0.0, 0.0, 0.0, 84.0, 0.0, 0.0, 0.0, 0.0, 0.0, 0.0, 79.0, 0.0, 0.0, 0.0, 0.0, 0.0, 0.0, 0.0, 0.0, 0.0
0.0, 0.0, 1.0, 0.0, 0.0, 0.0, 0.0, 0.0, 0.0, 0.0, 0.0, 0.0, 0.0, 0.0, 0.0, 0.0, 156.0, 0.0, 0.0, 0.0, 0.0, 0.0, 2.0, 0.0, 0.0, 0.0
2.0, 0.0, 0.0, 0.0, 0.0, 0.0, 0.0, 0.0, 0.0, 1.0, 0.0, 64.0, 0.0, 0.0, 0.0, 0.0, 68.0, 0.0, 0.0, 0.0, 0.0, 0.0, 0.0, 0.0, 0.0, 0.0
0.0, 0.0, 0.0, 0.0, 0.0, 0.0, 0.0, 0.0, 0.0, 0.0, 0.0, 0.0, 29.0, 39.0, 0.0, 0.0, 72.0, 0.0, 0.0, 0.0, 0.0, 0.0, 8.0, 0.0, 0.0, 0.0
0.0, 0.0, 0.0, 0.0, 0.0, 0.0, 0.0, 0.0, 0.0, 0.0, 0.0, 0.0, 1.0, 51.0, 0.0, 0.0, 88.0, 0.0, 0.0, 0.0, 0.0, 0.0, 14.0, 0.0, 0.0, 0.0
0.0, 0.0, 0.0, 0.0, 0.0, 0.0, 0.0, 0.0, 0.0, 0.0, 0.0, 0.0, 0.0, 0.0, 1.0, 0.0, 165.0, 0.0, 0.0, 0.0, 0.0, 0.0, 0.0, 0.0, 0.0, 0.0
0.0, 0.0, 0.0, 0.0, 0.0, 3.0, 0.0, 0.0, 0.0, 0.0, 0.0, 0.0, 0.0, 0.0, 0.0, 81.0, 88.0, 0.0, 0.0, 0.0, 0.0, 0.0, 1.0, 0.0, 0.0, 0.0
0.0, 0.0, 0.0, 0.0, 0.0, 0.0, 0.0, 0.0, 0.0, 0.0, 0.0, 0.0, 0.0, 0.0, 0.0, 0.0, 148.0, 0.0, 0.0, 0.0, 0.0, 0.0, 0.0, 0.0, 0.0, 0.0
0.0, 0.0, 0.0, 0.0, 0.0, 0.0, 0.0, 0.0, 0.0, 0.0, 0.0, 0.0, 0.0, 0.0, 0.0, 0.0, 163.0, 0.0, 0.0, 0.0, 0.0, 0.0, 0.0, 0.0, 0.0, 0.0
1.0, 0.0, 0.0, 0.0, 0.0, 0.0, 0.0, 0.0, 0.0, 1.0, 0.0, 0.0, 0.0, 0.0, 0.0, 0.0, 116.0, 0.0, 23.0, 0.0, 0.0, 0.0, 0.0, 0.0, 0.0, 1.0
0.0, 0.0, 0.0, 0.0, 0.0, 31.0, 0.0, 0.0, 0.0, 0.0, 0.0, 0.0, 0.0, 0.0, 0.0, 19.0, 48.0, 0.0, 0.0, 0.0, 0.0, 12.0, 0.0, 0.0, 62.0, 0.0
0.0, 0.0, 0.0, 0.0, 0.0, 0.0, 0.0, 0.0, 0.0, 0.0, 0.0, 0.0, 8.0, 1.0, 0.0, 0.0, 116.0, 0.0, 0.0, 0.0, 45.0, 0.0, 1.0, 0.0, 2.0, 0.0
0.0, 0.0, 0.0, 0.0, 0.0, 1.0, 0.0, 0.0, 0.0, 0.0, 0.0, 0.0, 1.0, 0.0, 0.0, 0.0, 40.0, 0.0, 0.0, 0.0, 0.0, 11.0, 18.0, 0.0, 88.0, 0.0
0.0, 0.0, 0.0, 0.0, 0.0, 0.0, 0.0, 0.0, 0.0, 0.0, 0.0, 0.0, 6.0, 7.0, 0.0, 0.0, 57.0, 0.0, 0.0, 0.0, 0.0, 0.0, 86.0, 0.0, 0.0, 0.0
0.0, 0.0, 0.0, 0.0, 0.0, 0.0, 0.0, 0.0, 0.0, 0.0, 0.0, 0.0, 0.0, 0.0, 0.0, 0.0, 139.0, 0.0, 3.0, 0.0, 0.0, 0.0, 0.0, 0.0, 4.0, 3.0
0.0, 0.0, 0.0, 0.0, 0.0, 10.0, 0.0, 0.0, 0.0, 0.0, 0.0, 0.0, 0.0, 0.0, 0.0, 1.0, 45.0, 0.0, 0.0, 0.0, 0.0, 5.0, 0.0, 0.0, 76.0, 0.0
0.0, 0.0, 0.0, 0.0, 0.0, 0.0, 0.0, 0.0, 0.0, 0.0, 0.0, 0.0, 0.0, 0.0, 0.0, 0.0, 78.0, 0.0, 8.0, 0.0, 0.0, 0.0, 0.0, 0.0, 0.0, 36.0

Key, Precision, Recall
A, 0.5614, 0.9697
C, 0.4825, 0.6216
D, 0.0121, 0.6667
F, 0.1667, 0.3571
J, 0.5153, 0.7119
L, 0.4741, 1.0
M, 0.1959, 0.6304
N, 0.3312, 0.3835
O, 0.006, 0.3333
P, 0.4682, 0.6279
Q, 1.0, 0.0549
S, 0.162, 0.6053
U, 0.2601, 1.0
V, 0.0692, 0.3929
W, 0.5513, 0.6466
Y, 0.5547, 0.3167
Z, 0.2951, 0.7826
Overall Correct: 0.2318


Confusion Matrix
111.0, 0.0, 0.0, 0.0, 0.0, 0.0, 0.0, 0.0, 0.0, 4.0, 0.0, 1.0, 0.0, 0.0, 0.0, 0.0, 0.0, 44.0, 0.0, 0.0, 0.0, 0.0, 1.0, 0.0, 0.0, 0.0
0.0, 0.0, 0.0, 0.0, 0.0, 0.0, 0.0, 0.0, 0.0, 0.0, 0.0, 0.0, 0.0, 0.0, 1.0, 0.0, 0.0, 146.0, 0.0, 0.0, 0.0, 0.0, 0.0, 0.0, 0.0, 0.0
0.0, 0.0, 65.0, 0.0, 0.0, 0.0, 0.0, 0.0, 0.0, 0.0, 0.0, 0.0, 2.0, 0.0, 3.0, 0.0, 0.0, 73.0, 0.0, 0.0, 1.0, 0.0, 0.0, 0.0, 0.0, 0.0
0.0, 0.0, 0.0, 0.0, 0.0, 0.0, 0.0, 0.0, 0.0, 0.0, 0.0, 0.0, 0.0, 0.0, 9.0, 0.0, 0.0, 150.0, 0.0, 0.0, 0.0, 0.0, 0.0, 0.0, 0.0, 0.0
0.0, 0.0, 39.0, 0.0, 0.0, 0.0, 4.0, 0.0, 2.0, 0.0, 0.0, 0.0, 0.0, 0.0, 0.0, 0.0, 0.0, 100.0, 0.0, 0.0, 1.0, 0.0, 0.0, 0.0, 0.0, 6.0
0.0, 0.0, 0.0, 0.0, 0.0, 44.0, 0.0, 0.0, 0.0, 0.0, 0.0, 0.0, 0.0, 0.0, 0.0, 24.0, 0.0, 91.0, 0.0, 0.0, 0.0, 0.0, 0.0, 0.0, 0.0, 0.0
1.0, 0.0, 6.0, 0.0, 0.0, 0.0, 0.0, 0.0, 0.0, 0.0, 0.0, 0.0, 0.0, 0.0, 3.0, 0.0, 0.0, 131.0, 0.0, 0.0, 0.0, 0.0, 0.0, 0.0, 0.0, 0.0
0.0, 0.0, 0.0, 0.0, 0.0, 1.0, 0.0, 0.0, 0.0, 0.0, 0.0, 0.0, 0.0, 22.0, 15.0, 0.0, 1.0, 99.0, 0.0, 0.0, 4.0, 0.0, 2.0, 0.0, 0.0, 0.0
0.0, 0.0, 0.0, 0.0, 0.0, 0.0, 0.0, 0.0, 45.0, 0.0, 0.0, 0.0, 0.0, 0.0, 13.0, 1.0, 0.0, 92.0, 0.0, 0.0, 0.0, 0.0, 0.0, 0.0, 0.0, 0.0
0.0, 0.0, 0.0, 0.0, 0.0, 0.0, 0.0, 0.0, 15.0, 90.0, 0.0, 0.0, 0.0, 0.0, 0.0, 4.0, 0.0, 51.0, 0.0, 0.0, 0.0, 0.0, 0.0, 0.0, 0.0, 0.0
0.0, 0.0, 3.0, 0.0, 0.0, 0.0, 0.0, 0.0, 0.0, 0.0, 0.0, 0.0, 1.0, 0.0, 7.0, 0.0, 0.0, 151.0, 0.0, 0.0, 3.0, 0.0, 0.0, 0.0, 0.0, 0.0
5.0, 0.0, 0.0, 0.0, 0.0, 0.0, 0.0, 0.0, 4.0, 0.0, 0.0, 73.0, 0.0, 0.0, 1.0, 0.0, 0.0, 68.0, 0.0, 0.0, 0.0, 0.0, 0.0, 0.0, 0.0, 0.0
1.0, 0.0, 0.0, 0.0, 0.0, 0.0, 0.0, 0.0, 0.0, 1.0, 0.0, 0.0, 15.0, 29.0, 8.0, 0.0, 0.0, 97.0, 0.0, 0.0, 0.0, 0.0, 3.0, 0.0, 0.0, 0.0
0.0, 0.0, 0.0, 0.0, 0.0, 0.0, 0.0, 0.0, 0.0, 0.0, 0.0, 0.0, 1.0, 43.0, 17.0, 0.0, 0.0, 78.0, 0.0, 0.0, 0.0, 0.0, 22.0, 0.0, 0.0, 0.0
1.0, 0.0, 0.0, 0.0, 0.0, 0.0, 0.0, 0.0, 0.0, 0.0, 0.0, 0.0, 4.0, 0.0, 63.0, 0.0, 0.0, 107.0, 0.0, 0.0, 0.0, 0.0, 1.0, 0.0, 0.0, 0.0
0.0, 0.0, 0.0, 0.0, 0.0, 11.0, 0.0, 0.0, 0.0, 0.0, 0.0, 0.0, 0.0, 0.0, 4.0, 78.0, 5.0, 70.0, 0.0, 0.0, 0.0, 0.0, 0.0, 0.0, 0.0, 0.0
1.0, 0.0, 0.0, 0.0, 0.0, 0.0, 0.0, 0.0, 0.0, 0.0, 0.0, 0.0, 0.0, 0.0, 26.0, 0.0, 10.0, 111.0, 0.0, 0.0, 0.0, 0.0, 0.0, 0.0, 0.0, 0.0
0.0, 0.0, 0.0, 0.0, 0.0, 0.0, 0.0, 0.0, 0.0, 0.0, 0.0, 0.0, 0.0, 0.0, 10.0, 0.0, 0.0, 129.0, 0.0, 0.0, 0.0, 0.0, 0.0, 0.0, 0.0, 0.0
1.0, 0.0, 0.0, 0.0, 0.0, 0.0, 0.0, 0.0, 0.0, 0.0, 0.0, 0.0, 0.0, 0.0, 0.0, 0.0, 0.0, 121.0, 0.0, 0.0, 0.0, 0.0, 0.0, 0.0, 0.0, 29.0
0.0, 0.0, 0.0, 0.0, 0.0, 21.0, 0.0, 0.0, 0.0, 0.0, 0.0, 0.0, 0.0, 0.0, 0.0, 1.0, 0.0, 84.0, 0.0, 22.0, 0.0, 18.0, 0.0, 0.0, 10.0, 0.0
0.0, 0.0, 0.0, 0.0, 0.0, 0.0, 0.0, 0.0, 0.0, 0.0, 0.0, 0.0, 3.0, 0.0, 2.0, 0.0, 0.0, 102.0, 0.0, 0.0, 52.0, 0.0, 2.0, 0.0, 0.0, 0.0
0.0, 0.0, 0.0, 0.0, 0.0, 0.0, 0.0, 0.0, 0.0, 0.0, 0.0, 0.0, 0.0, 0.0, 0.0, 3.0, 0.0, 47.0, 0.0, 36.0, 0.0, 31.0, 13.0, 0.0, 20.0, 0.0
0.0, 0.0, 0.0, 0.0, 0.0, 0.0, 0.0, 0.0, 0.0, 0.0, 0.0, 0.0, 2.0, 0.0, 2.0, 0.0, 0.0, 41.0, 0.0, 0.0, 0.0, 0.0, 92.0, 0.0, 0.0, 0.0
0.0, 0.0, 0.0, 0.0, 0.0, 0.0, 0.0, 0.0, 3.0, 0.0, 0.0, 0.0, 0.0, 0.0, 5.0, 0.0, 0.0, 143.0, 0.0, 0.0, 9.0, 0.0, 0.0, 0.0, 0.0, 7.0
0.0, 0.0, 0.0, 0.0, 0.0, 23.0, 0.0, 0.0, 0.0, 0.0, 0.0, 0.0, 0.0, 0.0, 0.0, 0.0, 3.0, 59.0, 0.0, 16.0, 0.0, 27.0, 0.0, 0.0, 18.0, 0.0
1.0, 0.0, 0.0, 0.0, 0.0, 0.0, 0.0, 0.0, 6.0, 0.0, 0.0, 0.0, 0.0, 0.0, 0.0, 0.0, 0.0, 95.0, 0.0, 0.0, 0.0, 0.0, 0.0, 0.0, 0.0, 50.0

Key, Precision, Recall
A, 0.6894, 0.9098
C, 0.4514, 0.5752
F, 0.2767, 0.44
G, 0.0, 0.0
I, 0.298, 0.6
J, 0.5625, 0.9474
L, 0.4834, 0.9865
M, 0.0974, 0.5357
N, 0.2671, 0.4574
O, 0.358, 0.3333
P, 0.4643, 0.7027
Q, 0.0676, 0.5263
R, 0.9281, 0.052
T, 0.141, 0.2973
U, 0.323, 0.7429
V, 0.2067, 0.4079
W, 0.6715, 0.6765
Y, 0.1233, 0.375
Z, 0.3289, 0.5435
Overall Correct: 0.2577


Confusion Matrix
122.0, 0.0, 0.0, 0.0, 0.0, 0.0, 0.0, 15.0, 0.0, 7.0, 0.0, 1.0, 2.0, 0.0, 0.0, 0.0, 0.0, 0.0, 0.0, 0.0, 0.0, 0.0, 8.0, 2.0, 0.0, 0.0
0.0, 10.0, 0.0, 0.0, 0.0, 0.0, 0.0, 88.0, 0.0, 0.0, 0.0, 0.0, 0.0, 0.0, 15.0, 2.0, 11.0, 0.0, 0.0, 0.0, 0.0, 0.0, 2.0, 36.0, 0.0, 1.0
0.0, 0.0, 70.0, 0.0, 22.0, 0.0, 0.0, 17.0, 0.0, 0.0, 0.0, 0.0, 2.0, 0.0, 9.0, 1.0, 0.0, 0.0, 0.0, 0.0, 0.0, 0.0, 10.0, 13.0, 1.0, 0.0
0.0, 0.0, 0.0, 0.0, 0.0, 0.0, 0.0, 56.0, 0.0, 0.0, 0.0, 0.0, 2.0, 0.0, 69.0, 4.0, 0.0, 0.0, 0.0, 0.0, 0.0, 0.0, 2.0, 17.0, 0.0, 0.0
0.0, 2.0, 35.0, 0.0, 13.0, 0.0, 8.0, 21.0, 0.0, 0.0, 0.0, 0.0, 0.0, 0.0, 0.0, 0.0, 0.0, 0.0, 0.0, 0.0, 0.0, 0.0, 9.0, 70.0, 0.0, 1.0
0.0, 3.0, 0.0, 0.0, 0.0, 53.0, 0.0, 15.0, 0.0, 0.0, 0.0, 0.0, 0.0, 0.0, 0.0, 44.0, 0.0, 0.0, 0.0, 0.0, 0.0, 0.0, 11.0, 19.0, 14.0, 0.0
0.0, 1.0, 9.0, 0.0, 22.0, 0.0, 4.0, 53.0, 0.0, 0.0, 0.0, 0.0, 1.0, 0.0, 40.0, 0.0, 8.0, 0.0, 0.0, 0.0, 0.0, 0.0, 14.0, 17.0, 0.0, 2.0
2.0, 0.0, 0.0, 0.0, 0.0, 0.0, 0.0, 61.0, 0.0, 0.0, 0.0, 0.0, 0.0, 0.0, 30.0, 0.0, 1.0, 0.0, 0.0, 0.0, 0.0, 0.0, 13.0, 23.0, 0.0, 0.0
0.0, 2.0, 1.0, 0.0, 1.0, 0.0, 0.0, 58.0, 0.0, 4.0, 0.0, 0.0, 0.0, 0.0, 17.0, 2.0, 0.0, 0.0, 0.0, 0.0, 0.0, 0.0, 0.0, 60.0, 0.0, 0.0
0.0, 0.0, 0.0, 0.0, 0.0, 0.0, 0.0, 13.0, 0.0, 99.0, 0.0, 0.0, 0.0, 0.0, 4.0, 5.0, 0.0, 0.0, 0.0, 0.0, 0.0, 0.0, 2.0, 34.0, 0.0, 0.0
3.0, 0.0, 3.0, 0.0, 10.0, 0.0, 0.0, 50.0, 0.0, 0.0, 0.0, 0.0, 1.0, 0.0, 12.0, 0.0, 0.0, 0.0, 0.0, 0.0, 0.0, 0.0, 17.0, 53.0, 0.0, 0.0
17.0, 3.0, 0.0, 0.0, 0.0, 0.0, 0.0, 9.0, 0.0, 5.0, 0.0, 68.0, 0.0, 0.0, 4.0, 0.0, 2.0, 0.0, 0.0, 0.0, 0.0, 0.0, 9.0, 22.0, 0.0, 0.0
5.0, 0.0, 0.0, 0.0, 0.0, 0.0, 0.0, 70.0, 0.0, 1.0, 0.0, 0.0, 33.0, 0.0, 8.0, 0.0, 0.0, 0.0, 0.0, 0.0, 0.0, 0.0, 40.0, 0.0, 0.0, 0.0
1.0, 0.0, 0.0, 0.0, 0.0, 0.0, 0.0, 40.0, 0.0, 1.0, 0.0, 0.0, 2.0, 8.0, 22.0, 0.0, 0.0, 0.0, 0.0, 0.0, 0.0, 0.0, 84.0, 1.0, 0.0, 0.0
2.0, 0.0, 0.0, 0.0, 0.0, 0.0, 0.0, 16.0, 0.0, 0.0, 0.0, 0.0, 3.0, 0.0, 118.0, 0.0, 0.0, 0.0, 0.0, 0.0, 0.0, 0.0, 7.0, 4.0, 0.0, 0.0
0.0, 5.0, 0.0, 0.0, 0.0, 6.0, 0.0, 14.0, 0.0, 0.0, 0.0, 0.0, 0.0, 0.0, 14.0, 107.0, 3.0, 0.0, 0.0, 0.0, 0.0, 0.0, 17.0, 5.0, 0.0, 0.0
1.0, 0.0, 0.0, 0.0, 0.0, 0.0, 0.0, 77.0, 0.0, 0.0, 0.0, 0.0, 0.0, 0.0, 48.0, 0.0, 5.0, 0.0, 0.0, 0.0, 0.0, 0.0, 15.0, 10.0, 0.0, 0.0
0.0, 2.0, 0.0, 0.0, 1.0, 0.0, 0.0, 79.0, 0.0, 0.0, 0.0, 0.0, 2.0, 0.0, 25.0, 0.0, 15.0, 0.0, 0.0, 0.0, 0.0, 0.0, 5.0, 15.0, 0.0, 0.0
5.0, 5.0, 0.0, 0.0, 2.0, 0.0, 0.0, 46.0, 0.0, 0.0, 0.0, 0.0, 0.0, 0.0, 1.0, 0.0, 0.0, 0.0, 0.0, 0.0, 0.0, 0.0, 0.0, 50.0, 0.0, 32.0
0.0, 0.0, 0.0, 0.0, 0.0, 28.0, 0.0, 6.0, 0.0, 0.0, 0.0, 0.0, 0.0, 0.0, 4.0, 15.0, 0.0, 0.0, 0.0, 0.0, 0.0, 50.0, 4.0, 24.0, 14.0, 0.0
0.0, 0.0, 0.0, 0.0, 0.0, 2.0, 0.0, 44.0, 0.0, 0.0, 0.0, 0.0, 4.0, 0.0, 31.0, 0.0, 0.0, 0.0, 0.0, 0.0, 38.0, 0.0, 22.0, 13.0, 8.0, 0.0
0.0, 0.0, 0.0, 0.0, 0.0, 6.0, 0.0, 8.0, 0.0, 0.0, 0.0, 0.0, 4.0, 0.0, 0.0, 0.0, 0.0, 0.0, 0.0, 0.0, 0.0, 69.0, 49.0, 1.0, 18.0, 0.0
0.0, 0.0, 0.0, 0.0, 0.0, 0.0, 0.0, 3.0, 0.0, 0.0, 0.0, 0.0, 12.0, 0.0, 0.0, 0.0, 0.0, 0.0, 0.0, 0.0, 0.0, 0.0, 147.0, 0.0, 0.0, 0.0
0.0, 0.0, 0.0, 0.0, 0.0, 0.0, 0.0, 22.0, 0.0, 0.0, 0.0, 0.0, 0.0, 0.0, 28.0, 0.0, 0.0, 0.0, 0.0, 0.0, 0.0, 0.0, 0.0, 102.0, 0.0, 7.0
0.0, 0.0, 0.0, 0.0, 0.0, 15.0, 0.0, 12.0, 0.0, 0.0, 0.0, 0.0, 0.0, 0.0, 1.0, 2.0, 0.0, 0.0, 0.0, 0.0, 0.0, 69.0, 24.0, 15.0, 22.0, 0.0
3.0, 0.0, 0.0, 0.0, 11.0, 0.0, 0.0, 22.0, 0.0, 0.0, 0.0, 0.0, 0.0, 0.0, 0.0, 2.0, 0.0, 0.0, 0.0, 0.0, 0.0, 0.0, 0.0, 54.0, 0.0, 61.0

Key, Precision, Recall
A, 0.7771, 0.7578
B, 0.0606, 0.303
C, 0.4828, 0.5932
E, 0.0818, 0.1585
F, 0.3333, 0.4818
G, 0.0234, 0.3333
H, 0.4692, 0.0667
J, 0.6306, 0.8462
L, 0.4892, 0.9855
M, 0.2102, 0.4853
N, 0.0503, 1.0
O, 0.7867, 0.236
P, 0.6257, 0.5815
Q, 0.0321, 0.1111
U, 0.2346, 1.0
V, 0.4452, 0.367
W, 0.9074, 0.2877
X, 0.6415, 0.1545
Y, 0.1375, 0.2857
Z, 0.3987, 0.5865
Overall Correct: 0.3025


Confusion Matrix
149.0, 0.0, 0.0, 0.0, 0.0, 0.0, 0.0, 0.0, 0.0, 0.0, 0.0, 1.0, 3.0, 6.0, 0.0, 0.0, 0.0, 0.0, 0.0, 0.0, 0.0, 0.0, 2.0, 0.0, 0.0, 0.0
71.0, 13.0, 0.0, 0.0, 0.0, 0.0, 13.0, 0.0, 0.0, 0.0, 0.0, 0.0, 3.0, 22.0, 1.0, 1.0, 3.0, 0.0, 41.0, 0.0, 0.0, 0.0, 0.0, 0.0, 0.0, 0.0
33.0, 0.0, 65.0, 0.0, 11.0, 0.0, 9.0, 0.0, 0.0, 0.0, 0.0, 0.0, 1.0, 4.0, 3.0, 2.0, 0.0, 0.0, 0.0, 0.0, 12.0, 1.0, 0.0, 0.0, 0.0, 0.0
50.0, 4.0, 0.0, 0.0, 0.0, 0.0, 0.0, 0.0, 0.0, 0.0, 0.0, 3.0, 7.0, 93.0, 12.0, 3.0, 0.0, 0.0, 0.0, 0.0, 0.0, 0.0, 0.0, 1.0, 0.0, 0.0
24.0, 3.0, 27.0, 0.0, 44.0, 0.0, 17.0, 0.0, 16.0, 0.0, 0.0, 0.0, 0.0, 6.0, 0.0, 0.0, 4.0, 0.0, 13.0, 0.0, 7.0, 0.0, 0.0, 1.0, 0.0, 0.0
32.0, 1.0, 0.0, 0.0, 0.0, 49.0, 0.0, 0.0, 0.0, 0.0, 0.0, 0.0, 1.0, 14.0, 0.0, 49.0, 2.0, 0.0, 0.0, 0.0, 6.0, 1.0, 0.0, 1.0, 0.0, 0.0
36.0, 1.0, 7.0, 0.0, 23.0, 0.0, 49.0, 0.0, 0.0, 0.0, 0.0, 0.0, 4.0, 12.0, 18.0, 2.0, 3.0, 0.0, 9.0, 0.0, 0.0, 0.0, 1.0, 0.0, 0.0, 0.0
23.0, 3.0, 0.0, 0.0, 0.0, 0.0, 5.0, 0.0, 0.0, 0.0, 0.0, 0.0, 6.0, 89.0, 11.0, 1.0, 0.0, 0.0, 0.0, 0.0, 5.0, 0.0, 0.0, 0.0, 0.0, 0.0
69.0, 0.0, 0.0, 0.0, 2.0, 0.0, 0.0, 0.0, 38.0, 2.0, 0.0, 22.0, 0.0, 8.0, 0.0, 10.0, 0.0, 0.0, 2.0, 0.0, 0.0, 0.0, 0.0, 0.0, 0.0, 0.0
46.0, 1.0, 0.0, 0.0, 0.0, 0.0, 0.0, 0.0, 4.0, 89.0, 0.0, 0.0, 0.0, 3.0, 1.0, 7.0, 0.0, 0.0, 4.0, 0.0, 0.0, 0.0, 0.0, 0.0, 0.0, 0.0
62.0, 3.0, 1.0, 0.0, 7.0, 0.0, 10.0, 0.0, 0.0, 0.0, 0.0, 0.0, 0.0, 43.0, 2.0, 0.0, 0.0, 0.0, 0.0, 0.0, 5.0, 1.0, 1.0, 1.0, 0.0, 0.0
55.0, 0.0, 0.0, 0.0, 1.0, 0.0, 0.0, 0.0, 0.0, 1.0, 0.0, 77.0, 1.0, 0.0, 2.0, 0.0, 1.0, 0.0, 4.0, 0.0, 0.0, 0.0, 0.0, 0.0, 0.0, 0.0
13.0, 0.0, 0.0, 0.0, 0.0, 0.0, 0.0, 0.0, 0.0, 0.0, 0.0, 0.0, 54.0, 90.0, 0.0, 0.0, 0.0, 0.0, 0.0, 0.0, 0.0, 0.0, 1.0, 0.0, 0.0, 0.0
10.0, 0.0, 0.0, 0.0, 0.0, 0.0, 0.0, 0.0, 0.0, 0.0, 0.0, 2.0, 6.0, 124.0, 8.0, 0.0, 0.0, 0.0, 0.0, 0.0, 0.0, 1.0, 18.0, 0.0, 0.0, 0.0
18.0, 0.0, 0.0, 0.0, 0.0, 0.0, 0.0, 0.0, 0.0, 0.0, 0.0, 0.0, 7.0, 32.0, 73.0, 1.0, 6.0, 0.0, 0.0, 0.0, 0.0, 0.0, 0.0, 0.0, 0.0, 0.0
23.0, 0.0, 0.0, 0.0, 0.0, 8.0, 0.0, 0.0, 0.0, 0.0, 0.0, 0.0, 5.0, 22.0, 0.0, 88.0, 4.0, 0.0, 0.0, 0.0, 1.0, 0.0, 0.0, 0.0, 0.0, 0.0
105.0, 3.0, 0.0, 0.0, 1.0, 0.0, 0.0, 0.0, 0.0, 0.0, 0.0, 1.0, 2.0, 12.0, 28.0, 0.0, 11.0, 0.0, 0.0, 0.0, 0.0, 0.0, 0.0, 0.0, 0.0, 0.0
86.0, 1.0, 0.0, 0.0, 0.0, 0.0, 0.0, 0.0, 0.0, 0.0, 0.0, 0.0, 5.0, 30.0, 17.0, 0.0, 0.0, 0.0, 2.0, 0.0, 0.0, 0.0, 0.0, 0.0, 0.0, 0.0
56.0, 5.0, 0.0, 0.0, 7.0, 0.0, 1.0, 0.0, 5.0, 0.0, 0.0, 0.0, 0.0, 5.0, 0.0, 3.0, 1.0, 0.0, 44.0, 0.0, 1.0, 0.0, 0.0, 5.0, 0.0, 2.0
24.0, 0.0, 0.0, 0.0, 2.0, 28.0, 0.0, 0.0, 0.0, 0.0, 0.0, 0.0, 0.0, 5.0, 2.0, 35.0, 0.0, 0.0, 1.0, 0.0, 1.0, 61.0, 0.0, 1.0, 1.0, 0.0
12.0, 0.0, 0.0, 0.0, 0.0, 1.0, 0.0, 0.0, 0.0, 0.0, 0.0, 2.0, 9.0, 54.0, 3.0, 0.0, 0.0, 0.0, 0.0, 0.0, 69.0, 10.0, 2.0, 0.0, 0.0, 0.0
10.0, 1.0, 0.0, 0.0, 0.0, 3.0, 0.0, 0.0, 0.0, 0.0, 0.0, 0.0, 4.0, 11.0, 0.0, 4.0, 2.0, 0.0, 0.0, 0.0, 0.0, 108.0, 28.0, 0.0, 0.0, 0.0
1.0, 0.0, 0.0, 0.0, 0.0, 0.0, 0.0, 0.0, 0.0, 0.0, 0.0, 0.0, 23.0, 17.0, 0.0, 0.0, 0.0, 0.0, 0.0, 0.0, 0.0, 19.0, 85.0, 0.0, 0.0, 0.0
48.0, 0.0, 0.0, 0.0, 7.0, 0.0, 7.0, 0.0, 11.0, 0.0, 0.0, 2.0, 0.0, 25.0, 14.0, 0.0, 0.0, 0.0, 15.0, 0.0, 15.0, 0.0, 0.0, 4.0, 0.0, 3.0
36.0, 0.0, 0.0, 0.0, 0.0, 21.0, 0.0, 0.0, 0.0, 0.0, 0.0, 0.0, 3.0, 3.0, 0.0, 0.0, 0.0, 0.0, 0.0, 0.0, 11.0, 70.0, 0.0, 0.0, 2.0, 0.0
45.0, 2.0, 0.0, 0.0, 12.0, 0.0, 13.0, 0.0, 9.0, 0.0, 0.0, 0.0, 0.0, 1.0, 0.0, 1.0, 0.0, 0.0, 17.0, 0.0, 2.0, 0.0, 0.0, 1.0, 0.0, 52.0

Key, Precision, Recall
A, 0.9255, 0.131
B, 0.0774, 0.3171
C, 0.461, 0.65
E, 0.2716, 0.3761
F, 0.3141, 0.4455
G, 0.297, 0.3952
I, 0.2484, 0.4578
J, 0.5742, 0.9674
L, 0.5423, 0.7
M, 0.3418, 0.375
N, 0.7337, 0.1696
O, 0.5328, 0.3744
P, 0.5828, 0.4251
Q, 0.0675, 0.2973
S, 0.3259, 0.2895
U, 0.4259, 0.5111
V, 0.6316, 0.3971
W, 0.5862, 0.6159
X, 0.0265, 0.2667
Y, 0.0137, 0.6667
Z, 0.3355, 0.9123
Overall Correct: 0.3217


Confusion Matrix
137.0, 0.0, 0.0, 0.0, 0.0, 0.0, 0.0, 0.0, 0.0, 0.0, 0.0, 0.0, 1.0, 0.0, 0.0, 0.0, 0.0, 0.0, 0.0, 0.0, 0.0, 10.0, 0.0, 0.0, 0.0, 0.0
0.0, 23.0, 0.0, 2.0, 0.0, 0.0, 0.0, 64.0, 4.0, 0.0, 1.0, 0.0, 0.0, 0.0, 6.0, 1.0, 3.0, 1.0, 0.0, 0.0, 0.0, 40.0, 0.0, 2.0, 0.0, 12.0
0.0, 0.0, 89.0, 0.0, 0.0, 2.0, 0.0, 16.0, 0.0, 0.0, 0.0, 0.0, 5.0, 0.0, 2.0, 2.0, 0.0, 0.0, 0.0, 0.0, 10.0, 35.0, 1.0, 0.0, 0.0, 0.0
2.0, 5.0, 0.0, 34.0, 0.0, 0.0, 0.0, 74.0, 0.0, 0.0, 1.0, 0.0, 3.0, 0.0, 6.0, 0.0, 0.0, 0.0, 0.0, 0.0, 0.0, 20.0, 0.0, 3.0, 0.0, 0.0
0.0, 1.0, 43.0, 0.0, 0.0, 0.0, 0.0, 30.0, 16.0, 0.0, 0.0, 0.0, 0.0, 0.0, 0.0, 0.0, 6.0, 0.0, 0.0, 0.0, 11.0, 33.0, 0.0, 8.0, 0.0, 9.0
0.0, 2.0, 0.0, 0.0, 0.0, 49.0, 0.0, 9.0, 1.0, 0.0, 0.0, 0.0, 0.0, 0.0, 0.0, 41.0, 0.0, 0.0, 0.0, 0.0, 0.0, 24.0, 2.0, 4.0, 0.0, 0.0
3.0, 1.0, 41.0, 0.0, 0.0, 0.0, 0.0, 59.0, 0.0, 0.0, 0.0, 0.0, 0.0, 0.0, 9.0, 0.0, 2.0, 7.0, 0.0, 0.0, 0.0, 44.0, 0.0, 1.0, 0.0, 0.0
0.0, 1.0, 0.0, 2.0, 0.0, 0.0, 0.0, 56.0, 0.0, 0.0, 1.0, 0.0, 4.0, 31.0, 3.0, 0.0, 3.0, 0.0, 0.0, 0.0, 4.0, 22.0, 1.0, 1.0, 0.0, 0.0
1.0, 3.0, 0.0, 0.0, 0.0, 0.0, 0.0, 12.0, 80.0, 1.0, 0.0, 0.0, 0.0, 0.0, 0.0, 4.0, 0.0, 0.0, 0.0, 0.0, 0.0, 41.0, 0.0, 1.0, 0.0, 0.0
2.0, 1.0, 0.0, 0.0, 0.0, 0.0, 0.0, 5.0, 49.0, 50.0, 0.0, 0.0, 0.0, 0.0, 1.0, 9.0, 0.0, 0.0, 0.0, 0.0, 0.0, 22.0, 0.0, 1.0, 0.0, 0.0
1.0, 2.0, 9.0, 0.0, 0.0, 0.0, 0.0, 77.0, 4.0, 0.0, 0.0, 0.0, 3.0, 0.0, 0.0, 0.0, 1.0, 0.0, 0.0, 0.0, 15.0, 46.0, 4.0, 4.0, 0.0, 0.0
27.0, 0.0, 2.0, 0.0, 0.0, 0.0, 0.0, 2.0, 16.0, 0.0, 0.0, 76.0, 0.0, 0.0, 4.0, 0.0, 2.0, 1.0, 0.0, 0.0, 0.0, 26.0, 0.0, 2.0, 0.0, 0.0
11.0, 0.0, 0.0, 0.0, 0.0, 0.0, 0.0, 50.0, 0.0, 1.0, 0.0, 0.0, 48.0, 30.0, 0.0, 0.0, 0.0, 0.0, 0.0, 0.0, 1.0, 12.0, 9.0, 0.0, 0.0, 0.0
3.0, 0.0, 0.0, 5.0, 0.0, 0.0, 0.0, 47.0, 0.0, 0.0, 0.0, 0.0, 6.0, 36.0, 2.0, 0.0, 0.0, 0.0, 0.0, 0.0, 0.0, 31.0, 30.0, 0.0, 0.0, 0.0
1.0, 0.0, 0.0, 5.0, 0.0, 0.0, 0.0, 48.0, 0.0, 0.0, 0.0, 0.0, 4.0, 0.0, 71.0, 2.0, 0.0, 0.0, 0.0, 0.0, 0.0, 16.0, 1.0, 0.0, 0.0, 0.0
0.0, 0.0, 0.0, 0.0, 0.0, 10.0, 0.0, 25.0, 0.0, 0.0, 0.0, 0.0, 0.0, 0.0, 1.0, 95.0, 4.0, 0.0, 0.0, 0.0, 0.0, 25.0, 1.0, 0.0, 0.0, 0.0
8.0, 2.0, 0.0, 1.0, 0.0, 0.0, 0.0, 35.0, 0.0, 0.0, 0.0, 1.0, 0.0, 0.0, 21.0, 0.0, 7.0, 2.0, 0.0, 0.0, 0.0, 69.0, 0.0, 6.0, 0.0, 0.0
0.0, 2.0, 0.0, 0.0, 0.0, 0.0, 0.0, 82.0, 0.0, 0.0, 1.0, 0.0, 8.0, 0.0, 10.0, 0.0, 8.0, 3.0, 0.0, 0.0, 0.0, 44.0, 0.0, 0.0, 0.0, 0.0
8.0, 3.0, 1.0, 0.0, 0.0, 2.0, 0.0, 46.0, 12.0, 1.0, 0.0, 1.0, 0.0, 0.0, 0.0, 1.0, 1.0, 0.0, 0.0, 0.0, 1.0, 32.0, 0.0, 12.0, 0.0, 28.0
0.0, 0.0, 0.0, 0.0, 0.0, 34.0, 0.0, 1.0, 0.0, 0.0, 0.0, 0.0, 0.0, 0.0, 0.0, 33.0, 0.0, 1.0, 0.0, 0.0, 0.0, 103.0, 0.0, 3.0, 0.0, 1.0
0.0, 0.0, 0.0, 0.0, 0.0, 0.0, 0.0, 18.0, 0.0, 0.0, 0.0, 0.0, 5.0, 0.0, 2.0, 0.0, 0.0, 0.0, 0.0, 0.0, 58.0, 62.0, 1.0, 0.0, 0.0, 0.0
0.0, 0.0, 0.0, 0.0, 0.0, 1.0, 0.0, 1.0, 0.0, 0.0, 0.0, 0.0, 3.0, 0.0, 0.0, 0.0, 0.0, 0.0, 0.0, 0.0, 0.0, 115.0, 32.0, 0.0, 0.0, 0.0
0.0, 0.0, 0.0, 0.0, 0.0, 0.0, 0.0, 1.0, 0.0, 0.0, 0.0, 0.0, 14.0, 0.0, 0.0, 0.0, 0.0, 0.0, 0.0, 0.0, 0.0, 48.0, 97.0, 0.0, 0.0, 0.0
1.0, 0.0, 0.0, 0.0, 0.0, 0.0, 0.0, 55.0, 12.0, 0.0, 0.0, 0.0, 0.0, 0.0, 2.0, 0.0, 0.0, 3.0, 0.0, 0.0, 11.0, 40.0, 0.0, 9.0, 0.0, 18.0
0.0, 0.0, 0.0, 0.0, 0.0, 26.0, 0.0, 2.0, 0.0, 0.0, 0.0, 0.0, 2.0, 0.0, 0.0, 3.0, 0.0, 0.0, 0.0, 1.0, 4.0, 126.0, 0.0, 0.0, 0.0, 0.0
5.0, 1.0, 0.0, 0.0, 0.0, 0.0, 0.0, 19.0, 19.0, 0.0, 0.0, 0.0, 0.0, 0.0, 0.0, 0.0, 0.0, 0.0, 0.0, 1.0, 2.0, 21.0, 0.0, 18.0, 0.0, 66.0

Key, Precision, Recall
A, 0.9257, 0.6524
B, 0.1447, 0.4894
C, 0.5494, 0.4811
D, 0.2297, 0.6939
F, 0.3712, 0.3952
H, 0.4341, 0.0671
I, 0.5594, 0.3756
J, 0.3571, 0.9434
K, 0.0, 0.0
L, 0.481, 0.9744
M, 0.2963, 0.4528
N, 0.225, 0.3711
O, 0.4797, 0.5071
P, 0.5901, 0.4974
Q, 0.0461, 0.1892
R, 0.019, 0.1667
T, 0.0, 0.0
U, 0.3973, 0.4957
V, 0.7566, 0.1039
W, 0.6062, 0.5419
X, 0.0596, 0.12
Z, 0.4342, 0.4925
Overall Correct: 0.2998


Confusion Matrix
126.0, 0.0, 0.0, 2.0, 0.0, 0.0, 0.0, 0.0, 0.0, 3.0, 0.0, 0.0, 1.0, 0.0, 0.0, 0.0, 0.0, 0.0, 0.0, 0.0, 0.0, 24.0, 0.0, 0.0, 0.0, 0.0
0.0, 19.0, 0.0, 47.0, 0.0, 0.0, 0.0, 0.0, 0.0, 0.0, 0.0, 0.0, 0.0, 0.0, 0.0, 0.0, 0.0, 0.0, 0.0, 0.0, 0.0, 85.0, 0.0, 0.0, 0.0, 1.0
0.0, 0.0, 86.0, 2.0, 0.0, 1.0, 0.0, 0.0, 0.0, 0.0, 0.0, 0.0, 0.0, 0.0, 2.0, 0.0, 0.0, 0.0, 0.0, 0.0, 0.0, 71.0, 0.0, 0.0, 0.0, 0.0
0.0, 0.0, 0.0, 111.0, 0.0, 0.0, 0.0, 0.0, 0.0, 2.0, 0.0, 0.0, 1.0, 0.0, 0.0, 0.0, 0.0, 0.0, 0.0, 0.0, 0.0, 39.0, 0.0, 0.0, 0.0, 0.0
0.0, 0.0, 39.0, 15.0, 0.0, 0.0, 0.0, 0.0, 0.0, 0.0, 0.0, 0.0, 0.0, 0.0, 0.0, 0.0, 0.0, 0.0, 0.0, 0.0, 0.0, 83.0, 0.0, 3.0, 0.0, 15.0
0.0, 0.0, 0.0, 10.0, 0.0, 59.0, 0.0, 0.0, 0.0, 0.0, 0.0, 0.0, 0.0, 0.0, 0.0, 20.0, 0.0, 0.0, 0.0, 0.0, 0.0, 92.0, 0.0, 0.0, 0.0, 0.0
1.0, 0.0, 26.0, 8.0, 0.0, 0.0, 0.0, 0.0, 0.0, 0.0, 0.0, 0.0, 0.0, 0.0, 1.0, 0.0, 0.0, 0.0, 0.0, 0.0, 0.0, 109.0, 0.0, 0.0, 0.0, 1.0
0.0, 3.0, 0.0, 51.0, 0.0, 1.0, 0.0, 0.0, 0.0, 0.0, 0.0, 0.0, 0.0, 18.0, 2.0, 0.0, 0.0, 0.0, 0.0, 0.0, 0.0, 53.0, 0.0, 0.0, 0.0, 0.0
0.0, 0.0, 2.0, 2.0, 0.0, 0.0, 0.0, 0.0, 15.0, 57.0, 0.0, 0.0, 0.0, 0.0, 0.0, 2.0, 0.0, 0.0, 0.0, 0.0, 0.0, 80.0, 0.0, 0.0, 0.0, 1.0
0.0, 0.0, 0.0, 9.0, 0.0, 0.0, 0.0, 0.0, 0.0, 120.0, 0.0, 0.0, 0.0, 0.0, 0.0, 2.0, 0.0, 0.0, 0.0, 0.0, 0.0, 29.0, 0.0, 0.0, 0.0, 0.0
0.0, 0.0, 4.0, 10.0, 0.0, 0.0, 0.0, 0.0, 0.0, 0.0, 0.0, 0.0, 0.0, 0.0, 0.0, 0.0, 0.0, 0.0, 0.0, 0.0, 0.0, 130.0, 0.0, 0.0, 0.0, 0.0
8.0, 0.0, 0.0, 3.0, 0.0, 0.0, 0.0, 0.0, 0.0, 9.0, 0.0, 91.0, 0.0, 0.0, 0.0, 0.0, 0.0, 0.0, 0.0, 0.0, 0.0, 54.0, 0.0, 0.0, 0.0, 0.0
2.0, 0.0, 0.0, 25.0, 0.0, 0.0, 0.0, 0.0, 0.0, 0.0, 0.0, 0.0, 35.0, 27.0, 0.0, 0.0, 0.0, 0.0, 0.0, 0.0, 0.0, 55.0, 0.0, 0.0, 0.0, 0.0
0.0, 0.0, 0.0, 40.0, 0.0, 0.0, 0.0, 0.0, 0.0, 0.0, 0.0, 0.0, 2.0, 30.0, 0.0, 0.0, 0.0, 0.0, 0.0, 0.0, 0.0, 78.0, 1.0, 0.0, 0.0, 0.0
3.0, 0.0, 0.0, 71.0, 0.0, 0.0, 0.0, 0.0, 0.0, 1.0, 0.0, 0.0, 1.0, 0.0, 7.0, 0.0, 11.0, 0.0, 0.0, 0.0, 0.0, 64.0, 0.0, 0.0, 0.0, 0.0
0.0, 1.0, 0.0, 13.0, 0.0, 10.0, 0.0, 0.0, 0.0, 0.0, 0.0, 0.0, 0.0, 0.0, 0.0, 59.0, 0.0, 0.0, 0.0, 0.0, 0.0, 47.0, 0.0, 0.0, 0.0, 0.0
1.0, 0.0, 0.0, 15.0, 0.0, 0.0, 0.0, 0.0, 0.0, 0.0, 0.0, 0.0, 0.0, 0.0, 0.0, 0.0, 6.0, 0.0, 0.0, 0.0, 0.0, 121.0, 0.0, 0.0, 0.0, 2.0
0.0, 6.0, 0.0, 60.0, 0.0, 0.0, 0.0, 0.0, 0.0, 0.0, 0.0, 0.0, 4.0, 0.0, 0.0, 0.0, 0.0, 0.0, 0.0, 0.0, 0.0, 85.0, 0.0, 0.0, 0.0, 0.0
2.0, 6.0, 0.0, 25.0, 0.0, 0.0, 0.0, 0.0, 0.0, 1.0, 0.0, 0.0, 0.0, 0.0, 0.0, 0.0, 0.0, 0.0, 0.0, 0.0, 0.0, 83.0, 0.0, 1.0, 0.0, 36.0
0.0, 0.0, 0.0, 0.0, 0.0, 37.0, 0.0, 0.0, 0.0, 0.0, 0.0, 0.0, 0.0, 0.0, 0.0, 4.0, 0.0, 0.0, 0.0, 0.0, 0.0, 137.0, 0.0, 0.0, 0.0, 3.0
0.0, 0.0, 0.0, 6.0, 0.0, 0.0, 0.0, 0.0, 0.0, 0.0, 0.0, 0.0, 8.0, 0.0, 0.0, 0.0, 0.0, 0.0, 0.0, 0.0, 33.0, 122.0, 0.0, 0.0, 0.0, 0.0
0.0, 0.0, 0.0, 0.0, 0.0, 3.0, 0.0, 0.0, 0.0, 0.0, 0.0, 0.0, 3.0, 0.0, 0.0, 1.0, 0.0, 0.0, 0.0, 0.0, 0.0, 175.0, 2.0, 0.0, 0.0, 0.0
0.0, 0.0, 0.0, 0.0, 0.0, 0.0, 0.0, 0.0, 0.0, 0.0, 0.0, 0.0, 9.0, 0.0, 0.0, 0.0, 0.0, 0.0, 0.0, 0.0, 0.0, 64.0, 61.0, 0.0, 0.0, 0.0
0.0, 0.0, 0.0, 18.0, 0.0, 0.0, 0.0, 0.0, 0.0, 0.0, 0.0, 0.0, 0.0, 0.0, 0.0, 0.0, 2.0, 0.0, 0.0, 0.0, 0.0, 96.0, 0.0, 1.0, 0.0, 28.0
0.0, 0.0, 0.0, 1.0, 0.0, 17.0, 0.0, 0.0, 0.0, 0.0, 0.0, 0.0, 0.0, 0.0, 0.0, 0.0, 0.0, 0.0, 0.0, 0.0, 0.0, 134.0, 0.0, 0.0, 0.0, 0.0
0.0, 0.0, 0.0, 8.0, 0.0, 0.0, 0.0, 0.0, 0.0, 0.0, 0.0, 0.0, 0.0, 0.0, 0.0, 0.0, 0.0, 0.0, 0.0, 0.0, 0.0, 41.0, 0.0, 0.0, 0.0, 88.0

Key, Precision, Recall
A, 0.8077, 0.8811
B, 0.125, 0.5429
C, 0.5309, 0.5478
D, 0.7255, 0.2011
F, 0.326, 0.4609
I, 0.0943, 1.0
J, 0.75, 0.6218
L, 0.5515, 1.0
M, 0.2431, 0.5469
N, 0.1987, 0.4
O, 0.0443, 0.5833
P, 0.4538, 0.6705
Q, 0.0414, 0.3158
U, 0.1953, 1.0
V, 0.9511, 0.0814
W, 0.4552, 0.9531
X, 0.0069, 0.2
Z, 0.6423, 0.5029
Overall Correct: 0.2805


Confusion Matrix
105.0, 0.0, 0.0, 0.0, 0.0, 0.0, 0.0, 0.0, 0.0, 2.0, 0.0, 9.0, 3.0, 0.0, 0.0, 0.0, 0.0, 14.0, 0.0, 0.0, 0.0, 6.0, 0.0, 0.0, 0.0, 0.0
0.0, 0.0, 0.0, 0.0, 0.0, 0.0, 0.0, 0.0, 0.0, 0.0, 0.0, 0.0, 0.0, 0.0, 0.0, 0.0, 0.0, 144.0, 3.0, 0.0, 0.0, 0.0, 0.0, 0.0, 0.0, 0.0
0.0, 0.0, 70.0, 0.0, 0.0, 0.0, 0.0, 0.0, 0.0, 0.0, 0.0, 0.0, 0.0, 0.0, 3.0, 1.0, 0.0, 25.0, 0.0, 0.0, 3.0, 15.0, 0.0, 0.0, 0.0, 0.0
0.0, 0.0, 0.0, 0.0, 0.0, 0.0, 0.0, 0.0, 0.0, 0.0, 0.0, 2.0, 3.0, 0.0, 1.0, 0.0, 0.0, 160.0, 0.0, 0.0, 0.0, 0.0, 0.0, 0.0, 0.0, 0.0
0.0, 0.0, 33.0, 0.0, 3.0, 0.0, 0.0, 0.0, 0.0, 0.0, 0.0, 0.0, 0.0, 0.0, 0.0, 0.0, 0.0, 67.0, 0.0, 0.0, 4.0, 5.0, 0.0, 0.0, 0.0, 35.0
0.0, 0.0, 0.0, 0.0, 0.0, 35.0, 0.0, 0.0, 0.0, 0.0, 0.0, 0.0, 1.0, 0.0, 0.0, 37.0, 0.0, 33.0, 0.0, 0.0, 1.0, 36.0, 0.0, 0.0, 0.0, 0.0
0.0, 0.0, 25.0, 0.0, 0.0, 0.0, 0.0, 0.0, 0.0, 0.0, 0.0, 2.0, 2.0, 0.0, 2.0, 0.0, 0.0, 133.0, 0.0, 0.0, 3.0, 2.0, 0.0, 0.0, 0.0, 1.0
2.0, 0.0, 0.0, 0.0, 0.0, 0.0, 0.0, 3.0, 0.0, 0.0, 0.0, 0.0, 1.0, 27.0, 4.0, 1.0, 0.0, 91.0, 0.0, 0.0, 2.0, 11.0, 0.0, 0.0, 0.0, 0.0
0.0, 0.0, 0.0, 0.0, 0.0, 0.0, 0.0, 0.0, 6.0, 63.0, 0.0, 46.0, 0.0, 0.0, 0.0, 0.0, 0.0, 35.0, 0.0, 0.0, 0.0, 2.0, 0.0, 0.0, 0.0, 16.0
0.0, 0.0, 0.0, 0.0, 0.0, 0.0, 0.0, 0.0, 1.0, 101.0, 0.0, 0.0, 0.0, 0.0, 0.0, 5.0, 0.0, 24.0, 0.0, 0.0, 0.0, 0.0, 0.0, 0.0, 0.0, 0.0
0.0, 0.0, 3.0, 0.0, 3.0, 0.0, 0.0, 0.0, 0.0, 0.0, 0.0, 0.0, 1.0, 0.0, 0.0, 0.0, 0.0, 109.0, 0.0, 0.0, 7.0, 30.0, 0.0, 0.0, 0.0, 6.0
6.0, 0.0, 0.0, 0.0, 0.0, 0.0, 0.0, 0.0, 0.0, 7.0, 0.0, 98.0, 0.0, 0.0, 0.0, 0.0, 0.0, 37.0, 0.0, 0.0, 0.0, 5.0, 0.0, 0.0, 0.0, 2.0
8.0, 0.0, 0.0, 0.0, 0.0, 0.0, 0.0, 0.0, 0.0, 0.0, 0.0, 0.0, 37.0, 31.0, 0.0, 0.0, 0.0, 71.0, 0.0, 0.0, 0.0, 22.0, 0.0, 0.0, 0.0, 0.0
0.0, 0.0, 0.0, 0.0, 0.0, 0.0, 0.0, 1.0, 0.0, 1.0, 0.0, 1.0, 5.0, 40.0, 2.0, 0.0, 0.0, 63.0, 0.0, 0.0, 3.0, 38.0, 5.0, 0.0, 0.0, 0.0
0.0, 0.0, 0.0, 0.0, 0.0, 0.0, 0.0, 0.0, 0.0, 0.0, 0.0, 0.0, 0.0, 0.0, 33.0, 1.0, 0.0, 114.0, 0.0, 0.0, 0.0, 1.0, 0.0, 0.0, 0.0, 0.0
0.0, 0.0, 0.0, 0.0, 0.0, 3.0, 0.0, 0.0, 0.0, 1.0, 0.0, 0.0, 0.0, 0.0, 0.0, 103.0, 0.0, 46.0, 0.0, 0.0, 0.0, 8.0, 0.0, 0.0, 0.0, 0.0
1.0, 0.0, 0.0, 0.0, 0.0, 0.0, 0.0, 0.0, 0.0, 0.0, 0.0, 0.0, 0.0, 0.0, 9.0, 0.0, 0.0, 134.0, 0.0, 0.0, 0.0, 15.0, 0.0, 0.0, 0.0, 1.0
0.0, 0.0, 0.0, 0.0, 0.0, 0.0, 0.0, 0.0, 0.0, 0.0, 0.0, 0.0, 7.0, 0.0, 1.0, 0.0, 0.0, 154.0, 0.0, 0.0, 0.0, 0.0, 0.0, 0.0, 0.0, 0.0
8.0, 0.0, 0.0, 0.0, 0.0, 0.0, 0.0, 0.0, 1.0, 4.0, 0.0, 1.0, 0.0, 0.0, 0.0, 1.0, 0.0, 84.0, 8.0, 0.0, 0.0, 6.0, 0.0, 0.0, 0.0, 34.0
0.0, 0.0, 0.0, 0.0, 0.0, 26.0, 0.0, 0.0, 0.0, 0.0, 0.0, 0.0, 0.0, 0.0, 0.0, 25.0, 0.0, 18.0, 0.0, 0.0, 0.0, 92.0, 0.0, 0.0, 0.0, 8.0
0.0, 0.0, 0.0, 0.0, 0.0, 0.0, 0.0, 0.0, 0.0, 0.0, 0.0, 2.0, 5.0, 0.0, 0.0, 0.0, 0.0, 26.0, 0.0, 0.0, 85.0, 54.0, 0.0, 0.0, 0.0, 0.0
0.0, 0.0, 0.0, 0.0, 0.0, 1.0, 0.0, 0.0, 0.0, 0.0, 0.0, 0.0, 2.0, 0.0, 0.0, 2.0, 0.0, 12.0, 0.0, 0.0, 0.0, 132.0, 5.0, 0.0, 0.0, 0.0
0.0, 0.0, 0.0, 0.0, 0.0, 0.0, 0.0, 0.0, 0.0, 0.0, 0.0, 0.0, 17.0, 0.0, 0.0, 0.0, 0.0, 7.0, 0.0, 0.0, 0.0, 58.0, 81.0, 0.0, 0.0, 0.0
0.0, 0.0, 0.0, 0.0, 0.0, 0.0, 0.0, 0.0, 0.0, 0.0, 0.0, 0.0, 0.0, 0.0, 1.0, 0.0, 0.0, 71.0, 0.0, 0.0, 7.0, 17.0, 0.0, 0.0, 0.0, 43.0
0.0, 0.0, 0.0, 0.0, 0.0, 17.0, 0.0, 0.0, 0.0, 0.0, 0.0, 0.0, 1.0, 0.0, 0.0, 1.0, 0.0, 22.0, 0.0, 0.0, 3.0, 119.0, 0.0, 0.0, 0.0, 0.0
0.0, 0.0, 0.0, 0.0, 0.0, 0.0, 0.0, 0.0, 0.0, 0.0, 0.0, 0.0, 0.0, 0.0, 0.0, 0.0, 0.0, 30.0, 0.0, 0.0, 1.0, 3.0, 0.0, 0.0, 0.0, 115.0

Key, Precision, Recall
A, 0.7554, 0.8077
C, 0.5983, 0.5344
E, 0.0204, 0.5
F, 0.2448, 0.4268
H, 0.0211, 0.75
I, 0.0357, 0.75
J, 0.771, 0.5642
L, 0.6323, 0.6087
M, 0.2189, 0.4353
N, 0.2516, 0.4082
O, 0.2215, 0.5893
P, 0.6398, 0.5819
R, 0.9506, 0.0893
S, 0.0544, 0.7273
U, 0.4942, 0.7143
V, 0.8571, 0.195
W, 0.4969, 0.8901
Z, 0.7718, 0.4406
Overall Correct: 0.3023


Confusion Matrix
130.0, 0.0, 0.0, 0.0, 0.0, 0.0, 0.0, 0.0, 0.0, 4.0, 0.0, 0.0, 0.0, 4.0, 0.0, 0.0, 0.0, 12.0, 0.0, 0.0, 0.0, 0.0, 2.0, 0.0, 0.0, 0.0
0.0, 0.0, 0.0, 0.0, 0.0, 1.0, 0.0, 0.0, 0.0, 1.0, 0.0, 0.0, 0.0, 0.0, 0.0, 0.0, 6.0, 125.0, 24.0, 0.0, 0.0, 0.0, 0.0, 0.0, 0.0, 0.0
0.0, 0.0, 78.0, 0.0, 0.0, 4.0, 0.0, 0.0, 0.0, 4.0, 0.0, 0.0, 0.0, 6.0, 2.0, 1.0, 0.0, 43.0, 0.0, 0.0, 1.0, 0.0, 0.0, 0.0, 0.0, 0.0
0.0, 0.0, 0.0, 0.0, 0.0, 1.0, 0.0, 0.0, 0.0, 3.0, 0.0, 0.0, 1.0, 54.0, 3.0, 1.0, 12.0, 86.0, 0.0, 0.0, 0.0, 0.0, 0.0, 0.0, 0.0, 0.0
0.0, 0.0, 38.0, 0.0, 7.0, 1.0, 0.0, 0.0, 0.0, 0.0, 0.0, 0.0, 0.0, 2.0, 0.0, 0.0, 0.0, 73.0, 2.0, 0.0, 6.0, 0.0, 0.0, 0.0, 0.0, 23.0
0.0, 0.0, 0.0, 0.0, 0.0, 81.0, 0.0, 0.0, 0.0, 2.0, 0.0, 0.0, 0.0, 4.0, 0.0, 34.0, 0.0, 34.0, 0.0, 0.0, 0.0, 0.0, 4.0, 0.0, 2.0, 0.0
2.0, 0.0, 25.0, 0.0, 1.0, 0.0, 2.0, 0.0, 0.0, 0.0, 0.0, 0.0, 1.0, 2.0, 1.0, 0.0, 21.0, 108.0, 1.0, 0.0, 0.0, 0.0, 0.0, 0.0, 0.0, 0.0
0.0, 0.0, 0.0, 0.0, 0.0, 0.0, 0.0, 0.0, 0.0, 0.0, 0.0, 0.0, 1.0, 59.0, 10.0, 0.0, 9.0, 56.0, 0.0, 0.0, 1.0, 0.0, 3.0, 0.0, 0.0, 0.0
2.0, 0.0, 1.0, 0.0, 0.0, 0.0, 0.0, 0.0, 0.0, 77.0, 0.0, 0.0, 0.0, 2.0, 0.0, 4.0, 12.0, 36.0, 0.0, 0.0, 0.0, 0.0, 0.0, 0.0, 0.0, 17.0
1.0, 0.0, 0.0, 0.0, 0.0, 0.0, 0.0, 0.0, 0.0, 128.0, 0.0, 0.0, 0.0, 1.0, 0.0, 3.0, 0.0, 27.0, 1.0, 0.0, 0.0, 0.0, 0.0, 0.0, 0.0, 0.0
2.0, 0.0, 5.0, 0.0, 2.0, 0.0, 0.0, 0.0, 0.0, 0.0, 0.0, 0.0, 3.0, 13.0, 0.0, 0.0, 4.0, 86.0, 0.0, 0.0, 11.0, 0.0, 4.0, 0.0, 0.0, 0.0
15.0, 0.0, 0.0, 0.0, 2.0, 0.0, 0.0, 0.0, 0.0, 13.0, 0.0, 88.0, 0.0, 0.0, 0.0, 0.0, 0.0, 27.0, 3.0, 0.0, 0.0, 0.0, 0.0, 0.0, 0.0, 0.0
6.0, 0.0, 0.0, 0.0, 0.0, 0.0, 0.0, 0.0, 0.0, 0.0, 0.0, 0.0, 26.0, 114.0, 0.0, 0.0, 0.0, 6.0, 0.0, 0.0, 0.0, 0.0, 11.0, 0.0, 0.0, 0.0
0.0, 0.0, 0.0, 0.0, 0.0, 0.0, 0.0, 0.0, 0.0, 5.0, 0.0, 0.0, 1.0, 104.0, 5.0, 0.0, 6.0, 11.0, 0.0, 0.0, 0.0, 0.0, 27.0, 0.0, 0.0, 0.0
2.0, 0.0, 0.0, 0.0, 0.0, 0.0, 0.0, 0.0, 0.0, 3.0, 0.0, 0.0, 3.0, 31.0, 42.0, 0.0, 37.0, 32.0, 0.0, 0.0, 0.0, 0.0, 0.0, 0.0, 0.0, 0.0
0.0, 0.0, 0.0, 0.0, 0.0, 16.0, 0.0, 0.0, 0.0, 1.0, 0.0, 0.0, 0.0, 6.0, 0.0, 97.0, 1.0, 47.0, 0.0, 0.0, 0.0, 0.0, 0.0, 0.0, 0.0, 0.0
3.0, 0.0, 0.0, 0.0, 0.0, 0.0, 0.0, 0.0, 0.0, 0.0, 0.0, 0.0, 0.0, 3.0, 6.0, 0.0, 18.0, 146.0, 0.0, 0.0, 0.0, 0.0, 0.0, 0.0, 0.0, 0.0
0.0, 0.0, 0.0, 0.0, 0.0, 0.0, 0.0, 0.0, 0.0, 0.0, 0.0, 0.0, 2.0, 0.0, 0.0, 0.0, 5.0, 120.0, 0.0, 0.0, 0.0, 0.0, 0.0, 0.0, 0.0, 0.0
10.0, 0.0, 0.0, 0.0, 1.0, 2.0, 0.0, 0.0, 0.0, 7.0, 0.0, 0.0, 0.0, 2.0, 0.0, 0.0, 0.0, 69.0, 46.0, 0.0, 4.0, 0.0, 0.0, 0.0, 0.0, 12.0
0.0, 0.0, 0.0, 0.0, 1.0, 47.0, 0.0, 0.0, 0.0, 1.0, 0.0, 0.0, 0.0, 7.0, 0.0, 17.0, 1.0, 21.0, 2.0, 0.0, 0.0, 55.0, 0.0, 0.0, 7.0, 2.0
0.0, 0.0, 1.0, 0.0, 0.0, 14.0, 0.0, 0.0, 0.0, 0.0, 0.0, 0.0, 6.0, 45.0, 2.0, 0.0, 3.0, 5.0, 0.0, 0.0, 64.0, 2.0, 2.0, 0.0, 0.0, 0.0
0.0, 0.0, 0.0, 0.0, 0.0, 13.0, 0.0, 0.0, 0.0, 0.0, 0.0, 0.0, 2.0, 9.0, 0.0, 4.0, 0.0, 15.0, 0.0, 0.0, 0.0, 82.0, 23.0, 0.0, 17.0, 0.0
0.0, 0.0, 0.0, 0.0, 0.0, 0.0, 0.0, 0.0, 0.0, 0.0, 0.0, 0.0, 12.0, 31.0, 0.0, 0.0, 0.0, 5.0, 0.0, 0.0, 0.0, 0.0, 122.0, 0.0, 0.0, 0.0
1.0, 0.0, 0.0, 0.0, 0.0, 2.0, 0.0, 0.0, 0.0, 0.0, 0.0, 0.0, 0.0, 5.0, 0.0, 0.0, 7.0, 91.0, 4.0, 0.0, 11.0, 0.0, 0.0, 0.0, 0.0, 40.0
0.0, 0.0, 0.0, 0.0, 0.0, 24.0, 0.0, 0.0, 0.0, 0.0, 0.0, 0.0, 2.0, 25.0, 0.0, 1.0, 0.0, 17.0, 2.0, 0.0, 3.0, 64.0, 2.0, 0.0, 11.0, 0.0
9.0, 0.0, 0.0, 0.0, 6.0, 2.0, 0.0, 0.0, 0.0, 1.0, 0.0, 0.0, 0.0, 0.0, 0.0, 0.0, 0.0, 31.0, 11.0, 0.0, 0.0, 0.0, 0.0, 0.0, 0.0, 77.0

Key, Precision, Recall
A, 0.8553, 0.7104
C, 0.5612, 0.527
E, 0.0461, 0.35
F, 0.5031, 0.3894
G, 0.0122, 1.0
J, 0.795, 0.512
L, 0.5946, 1.0
M, 0.1595, 0.4333
N, 0.6541, 0.1966
O, 0.28, 0.5915
P, 0.5774, 0.5988
Q, 0.1023, 0.1268
R, 0.9449, 0.0903
S, 0.3007, 0.4792
U, 0.4444, 0.6337
V, 0.497, 0.4039
W, 0.7176, 0.61
Y, 0.0728, 0.2973
Z, 0.562, 0.4503
Overall Correct: 0.3307


Confusion Matrix
141.0, 0.0, 0.0, 0.0, 0.0, 0.0, 0.0, 0.0, 0.0, 2.0, 2.0, 0.0, 3.0, 0.0, 0.0, 0.0, 0.0, 0.0, 0.0, 0.0, 0.0, 0.0, 1.0, 16.0, 0.0, 0.0
0.0, 17.0, 0.0, 6.0, 0.0, 0.0, 0.0, 0.0, 0.0, 0.0, 19.0, 0.0, 3.0, 0.0, 16.0, 0.0, 0.0, 0.0, 0.0, 0.0, 0.0, 0.0, 0.0, 98.0, 0.0, 0.0
0.0, 0.0, 121.0, 0.0, 0.0, 0.0, 0.0, 0.0, 0.0, 0.0, 21.0, 0.0, 1.0, 0.0, 3.0, 0.0, 0.0, 0.0, 0.0, 0.0, 0.0, 0.0, 1.0, 12.0, 0.0, 0.0
1.0, 0.0, 0.0, 48.0, 0.0, 0.0, 0.0, 0.0, 0.0, 1.0, 3.0, 1.0, 2.0, 0.0, 48.0, 3.0, 0.0, 0.0, 0.0, 0.0, 0.0, 0.0, 0.0, 47.0, 0.0, 0.0
0.0, 0.0, 55.0, 0.0, 3.0, 0.0, 0.0, 0.0, 0.0, 0.0, 19.0, 0.0, 0.0, 0.0, 0.0, 0.0, 0.0, 0.0, 0.0, 0.0, 0.0, 0.0, 0.0, 95.0, 0.0, 2.0
0.0, 1.0, 3.0, 0.0, 0.0, 33.0, 0.0, 0.0, 0.0, 0.0, 7.0, 0.0, 0.0, 0.0, 0.0, 46.0, 0.0, 0.0, 0.0, 0.0, 0.0, 9.0, 5.0, 36.0, 0.0, 0.0
1.0, 0.0, 45.0, 1.0, 0.0, 0.0, 4.0, 0.0, 0.0, 0.0, 23.0, 0.0, 4.0, 0.0, 12.0, 0.0, 0.0, 0.0, 0.0, 0.0, 0.0, 0.0, 0.0, 58.0, 0.0, 0.0
1.0, 0.0, 0.0, 7.0, 0.0, 0.0, 2.0, 0.0, 0.0, 0.0, 19.0, 0.0, 30.0, 8.0, 26.0, 0.0, 0.0, 0.0, 0.0, 0.0, 0.0, 0.0, 5.0, 43.0, 0.0, 0.0
1.0, 0.0, 0.0, 0.0, 0.0, 0.0, 0.0, 0.0, 12.0, 60.0, 0.0, 0.0, 0.0, 0.0, 4.0, 3.0, 0.0, 0.0, 0.0, 0.0, 0.0, 0.0, 0.0, 70.0, 0.0, 0.0
0.0, 0.0, 0.0, 0.0, 0.0, 0.0, 0.0, 0.0, 0.0, 102.0, 0.0, 0.0, 0.0, 0.0, 1.0, 9.0, 0.0, 0.0, 0.0, 0.0, 0.0, 0.0, 0.0, 34.0, 0.0, 0.0
1.0, 0.0, 11.0, 0.0, 1.0, 0.0, 0.0, 0.0, 0.0, 0.0, 53.0, 0.0, 2.0, 0.0, 7.0, 0.0, 0.0, 0.0, 0.0, 0.0, 0.0, 0.0, 1.0, 77.0, 0.0, 0.0
11.0, 0.0, 3.0, 0.0, 0.0, 0.0, 0.0, 0.0, 0.0, 7.0, 2.0, 87.0, 0.0, 0.0, 3.0, 0.0, 0.0, 0.0, 0.0, 0.0, 0.0, 0.0, 0.0, 42.0, 0.0, 0.0
11.0, 0.0, 0.0, 7.0, 0.0, 0.0, 0.0, 0.0, 0.0, 0.0, 35.0, 0.0, 78.0, 5.0, 13.0, 0.0, 0.0, 0.0, 0.0, 0.0, 0.0, 0.0, 16.0, 1.0, 0.0, 0.0
1.0, 0.0, 0.0, 26.0, 0.0, 0.0, 0.0, 0.0, 0.0, 0.0, 15.0, 0.0, 22.0, 17.0, 14.0, 0.0, 0.0, 0.0, 0.0, 0.0, 0.0, 3.0, 27.0, 22.0, 0.0, 0.0
0.0, 0.0, 3.0, 1.0, 0.0, 0.0, 0.0, 0.0, 0.0, 3.0, 11.0, 0.0, 4.0, 0.0, 105.0, 1.0, 2.0, 0.0, 0.0, 0.0, 0.0, 0.0, 1.0, 12.0, 0.0, 0.0
0.0, 0.0, 0.0, 0.0, 0.0, 6.0, 0.0, 0.0, 0.0, 0.0, 8.0, 0.0, 0.0, 0.0, 16.0, 107.0, 0.0, 0.0, 0.0, 0.0, 0.0, 4.0, 6.0, 10.0, 0.0, 0.0
7.0, 0.0, 0.0, 0.0, 0.0, 0.0, 0.0, 0.0, 0.0, 1.0, 57.0, 0.0, 1.0, 0.0, 56.0, 0.0, 3.0, 0.0, 0.0, 0.0, 0.0, 2.0, 1.0, 32.0, 0.0, 0.0
1.0, 0.0, 0.0, 17.0, 0.0, 0.0, 0.0, 0.0, 0.0, 0.0, 55.0, 0.0, 3.0, 0.0, 14.0, 0.0, 0.0, 6.0, 0.0, 0.0, 0.0, 0.0, 0.0, 48.0, 0.0, 0.0
7.0, 2.0, 1.0, 0.0, 0.0, 0.0, 0.0, 0.0, 0.0, 2.0, 2.0, 0.0, 0.0, 0.0, 3.0, 1.0, 0.0, 0.0, 0.0, 0.0, 0.0, 0.0, 0.0, 97.0, 0.0, 38.0
0.0, 0.0, 0.0, 0.0, 0.0, 18.0, 0.0, 0.0, 0.0, 0.0, 5.0, 0.0, 0.0, 0.0, 3.0, 27.0, 0.0, 0.0, 0.0, 0.0, 0.0, 66.0, 0.0, 40.0, 0.0, 0.0
0.0, 0.0, 20.0, 1.0, 0.0, 0.0, 0.0, 0.0, 0.0, 0.0, 8.0, 0.0, 6.0, 0.0, 10.0, 0.0, 0.0, 0.0, 0.0, 0.0, 39.0, 18.0, 2.0, 56.0, 0.0, 0.0
0.0, 0.0, 0.0, 0.0, 0.0, 0.0, 0.0, 0.0, 0.0, 0.0, 8.0, 0.0, 2.0, 0.0, 0.0, 4.0, 0.0, 0.0, 0.0, 0.0, 0.0, 110.0, 32.0, 7.0, 0.0, 0.0
0.0, 0.0, 0.0, 0.0, 0.0, 0.0, 0.0, 0.0, 0.0, 0.0, 10.0, 0.0, 13.0, 0.0, 0.0, 0.0, 0.0, 0.0, 0.0, 0.0, 0.0, 26.0, 101.0, 0.0, 0.0, 0.0
0.0, 0.0, 0.0, 0.0, 0.0, 0.0, 0.0, 0.0, 0.0, 0.0, 2.0, 0.0, 0.0, 0.0, 5.0, 0.0, 1.0, 0.0, 0.0, 0.0, 0.0, 0.0, 0.0, 140.0, 0.0, 8.0
0.0, 0.0, 0.0, 0.0, 0.0, 14.0, 0.0, 0.0, 0.0, 0.0, 8.0, 0.0, 1.0, 0.0, 0.0, 3.0, 0.0, 0.0, 0.0, 0.0, 0.0, 79.0, 2.0, 52.0, 0.0, 0.0
5.0, 0.0, 0.0, 0.0, 0.0, 0.0, 0.0, 0.0, 0.0, 0.0, 0.0, 0.0, 0.0, 0.0, 0.0, 1.0, 0.0, 0.0, 0.0, 0.0, 0.0, 0.0, 0.0, 95.0, 0.0, 38.0

Key, Precision, Recall
A, 0.8545, 0.746
B, 0.1069, 0.85
C, 0.761, 0.4618
D, 0.3117, 0.4211
E, 0.0172, 0.75
F, 0.2357, 0.4648
G, 0.027, 0.6667
I, 0.08, 1.0
J, 0.6986, 0.573
K, 0.3464, 0.1352
L, 0.5613, 0.9886
M, 0.4699, 0.4457
N, 0.1156, 0.5667
O, 0.7343, 0.2925
P, 0.6815, 0.522
Q, 0.0187, 0.5
R, 0.0417, 1.0
U, 0.2437, 1.0
V, 0.6748, 0.347
W, 0.6733, 0.5025
X, 0.8974, 0.1129
Z, 0.2734, 0.4419
Overall Correct: 0.3412