5620 Patterns Available (8x8)
Found 10 targets.
Constructing Centers and Sigmas...
Centers: [0, 1, 2, 3, 4, 5, 6, 7, 8, 9]
Mode[Train:4496]
Time [3.3785sec]
Mode[Test:1124]
Time [0.735sec]

Confusion Matrix
107.0, 0.0, 0.0, 0.0, 0.0, 0.0, 0.0, 0.0, 1.0, 0.0
0.0, 55.0, 8.0, 3.0, 0.0, 0.0, 2.0, 0.0, 37.0, 13.0
0.0, 0.0, 94.0, 5.0, 0.0, 0.0, 1.0, 2.0, 9.0, 2.0
0.0, 0.0, 1.0, 118.0, 0.0, 0.0, 0.0, 0.0, 0.0, 2.0
0.0, 0.0, 0.0, 0.0, 104.0, 0.0, 2.0, 4.0, 5.0, 0.0
0.0, 0.0, 0.0, 4.0, 1.0, 36.0, 2.0, 0.0, 20.0, 43.0
0.0, 0.0, 0.0, 0.0, 0.0, 0.0, 105.0, 0.0, 1.0, 0.0
0.0, 0.0, 0.0, 1.0, 1.0, 0.0, 0.0, 108.0, 5.0, 1.0
0.0, 0.0, 0.0, 3.0, 0.0, 0.0, 2.0, 0.0, 113.0, 4.0
0.0, 0.0, 0.0, 14.0, 2.0, 0.0, 0.0, 3.0, 2.0, 78.0

Key, Precision, Recall
0, 0.9907, 1.0
1, 0.4661, 1.0
2, 0.8319, 0.9126
3, 0.9752, 0.7973
4, 0.9043, 0.963
5, 0.3396, 1.0
6, 0.9906, 0.9211
7, 0.931, 0.9231
8, 0.9262, 0.5855
9, 0.7879, 0.5455
Overall Correct: 0.8167


Confusion Matrix
116.0, 0.0, 0.0, 0.0, 0.0, 0.0, 0.0, 0.0, 0.0, 0.0
1.0, 111.0, 4.0, 3.0, 0.0, 0.0, 3.0, 0.0, 2.0, 0.0
4.0, 3.0, 98.0, 3.0, 0.0, 0.0, 1.0, 6.0, 6.0, 0.0
0.0, 1.0, 0.0, 103.0, 0.0, 1.0, 0.0, 5.0, 3.0, 0.0
2.0, 3.0, 0.0, 0.0, 87.0, 0.0, 1.0, 11.0, 0.0, 0.0
17.0, 1.0, 0.0, 16.0, 1.0, 75.0, 2.0, 0.0, 2.0, 1.0
1.0, 0.0, 0.0, 0.0, 0.0, 0.0, 112.0, 0.0, 0.0, 0.0
0.0, 0.0, 0.0, 0.0, 0.0, 0.0, 0.0, 103.0, 0.0, 0.0
4.0, 11.0, 0.0, 5.0, 0.0, 1.0, 2.0, 5.0, 82.0, 0.0
19.0, 7.0, 0.0, 43.0, 1.0, 1.0, 0.0, 12.0, 1.0, 21.0

Key, Precision, Recall
0, 1.0, 0.7073
1, 0.8952, 0.8102
2, 0.8099, 0.9608
3, 0.9115, 0.5954
4, 0.8365, 0.9775
5, 0.6522, 0.9615
6, 0.9912, 0.9256
7, 1.0, 0.7254
8, 0.7455, 0.8542
9, 0.2, 0.9545
Overall Correct: 0.8078


Confusion Matrix
122.0, 0.0, 0.0, 0.0, 1.0, 0.0, 0.0, 0.0, 0.0, 0.0
0.0, 88.0, 4.0, 2.0, 0.0, 0.0, 1.0, 1.0, 0.0, 3.0
1.0, 3.0, 86.0, 2.0, 0.0, 0.0, 0.0, 2.0, 2.0, 0.0
0.0, 3.0, 2.0, 108.0, 0.0, 0.0, 0.0, 6.0, 1.0, 0.0
3.0, 20.0, 0.0, 0.0, 85.0, 1.0, 2.0, 12.0, 0.0, 1.0
0.0, 1.0, 0.0, 1.0, 0.0, 86.0, 1.0, 0.0, 0.0, 16.0
0.0, 2.0, 0.0, 0.0, 0.0, 0.0, 116.0, 0.0, 0.0, 0.0
0.0, 0.0, 0.0, 1.0, 0.0, 1.0, 0.0, 118.0, 0.0, 0.0
7.0, 20.0, 1.0, 7.0, 0.0, 3.0, 2.0, 1.0, 70.0, 4.0
4.0, 4.0, 0.0, 10.0, 2.0, 7.0, 0.0, 10.0, 1.0, 66.0

Key, Precision, Recall
0, 0.9919, 0.8905
1, 0.8889, 0.6241
2, 0.8958, 0.9247
3, 0.9, 0.8244
4, 0.6855, 0.9659
5, 0.819, 0.8776
6, 0.9831, 0.9508
7, 0.9833, 0.7867
8, 0.6087, 0.9459
9, 0.6346, 0.7333
Overall Correct: 0.8407


Confusion Matrix
106.0, 0.0, 0.0, 0.0, 0.0, 0.0, 0.0, 0.0, 0.0, 0.0
0.0, 73.0, 6.0, 7.0, 8.0, 0.0, 1.0, 2.0, 3.0, 14.0
0.0, 0.0, 96.0, 7.0, 0.0, 0.0, 0.0, 3.0, 0.0, 1.0
0.0, 0.0, 0.0, 95.0, 0.0, 0.0, 0.0, 3.0, 0.0, 1.0
0.0, 0.0, 0.0, 0.0, 95.0, 0.0, 1.0, 8.0, 0.0, 0.0
0.0, 0.0, 0.0, 7.0, 4.0, 80.0, 1.0, 0.0, 0.0, 23.0
1.0, 0.0, 0.0, 0.0, 0.0, 0.0, 120.0, 0.0, 0.0, 0.0
0.0, 0.0, 0.0, 1.0, 0.0, 0.0, 0.0, 137.0, 0.0, 0.0
2.0, 4.0, 2.0, 23.0, 4.0, 0.0, 2.0, 8.0, 55.0, 4.0
2.0, 0.0, 0.0, 26.0, 10.0, 3.0, 0.0, 13.0, 0.0, 62.0

Key, Precision, Recall
0, 1.0, 0.955
1, 0.6404, 0.9481
2, 0.8972, 0.9231
3, 0.9596, 0.5723
4, 0.9135, 0.7851
5, 0.6957, 0.9639
6, 0.9917, 0.96
7, 0.9928, 0.7874
8, 0.5288, 0.9483
9, 0.5345, 0.5905
Overall Correct: 0.8176


Confusion Matrix
94.0, 0.0, 0.0, 0.0, 0.0, 0.0, 0.0, 0.0, 0.0, 0.0
0.0, 86.0, 26.0, 0.0, 1.0, 0.0, 1.0, 3.0, 0.0, 5.0
3.0, 0.0, 122.0, 0.0, 0.0, 0.0, 0.0, 3.0, 0.0, 0.0
1.0, 0.0, 8.0, 90.0, 0.0, 1.0, 0.0, 5.0, 0.0, 0.0
1.0, 1.0, 1.0, 0.0, 91.0, 1.0, 0.0, 15.0, 0.0, 0.0
3.0, 0.0, 5.0, 2.0, 0.0, 99.0, 0.0, 0.0, 0.0, 4.0
0.0, 0.0, 0.0, 0.0, 0.0, 0.0, 128.0, 0.0, 0.0, 0.0
0.0, 0.0, 0.0, 0.0, 0.0, 1.0, 0.0, 94.0, 0.0, 0.0
2.0, 10.0, 47.0, 0.0, 1.0, 5.0, 1.0, 8.0, 30.0, 0.0
15.0, 0.0, 6.0, 11.0, 3.0, 11.0, 0.0, 18.0, 0.0, 61.0

Key, Precision, Recall
0, 1.0, 0.7899
1, 0.7049, 0.8866
2, 0.9531, 0.5674
3, 0.8571, 0.8738
4, 0.8273, 0.9479
5, 0.8761, 0.839
6, 1.0, 0.9846
7, 0.9895, 0.6438
8, 0.2885, 1.0
9, 0.488, 0.8714
Overall Correct: 0.7963


Confusion Matrix
114.0, 0.0, 0.0, 0.0, 0.0, 0.0, 0.0, 0.0, 0.0, 0.0
0.0, 107.0, 9.0, 1.0, 0.0, 0.0, 4.0, 2.0, 0.0, 0.0
2.0, 0.0, 115.0, 3.0, 0.0, 0.0, 0.0, 4.0, 0.0, 0.0
0.0, 0.0, 1.0, 114.0, 0.0, 2.0, 0.0, 4.0, 0.0, 0.0
0.0, 0.0, 0.0, 0.0, 102.0, 0.0, 3.0, 8.0, 0.0, 0.0
2.0, 0.0, 0.0, 10.0, 1.0, 78.0, 1.0, 0.0, 0.0, 6.0
0.0, 0.0, 0.0, 0.0, 0.0, 0.0, 97.0, 0.0, 0.0, 0.0
0.0, 1.0, 0.0, 1.0, 0.0, 0.0, 0.0, 106.0, 0.0, 0.0
4.0, 21.0, 7.0, 15.0, 2.0, 16.0, 4.0, 14.0, 39.0, 0.0
6.0, 0.0, 0.0, 53.0, 4.0, 6.0, 0.0, 13.0, 0.0, 22.0

Key, Precision, Recall
0, 1.0, 0.8906
1, 0.8699, 0.8295
2, 0.9274, 0.8712
3, 0.9421, 0.5787
4, 0.9027, 0.9358
5, 0.7959, 0.7647
6, 1.0, 0.8899
7, 0.9815, 0.702
8, 0.3197, 1.0
9, 0.2115, 0.7857
Overall Correct: 0.7954


Confusion Matrix
98.0, 0.0, 0.0, 0.0, 1.0, 0.0, 0.0, 0.0, 0.0, 0.0
1.0, 86.0, 6.0, 1.0, 0.0, 0.0, 1.0, 7.0, 1.0, 1.0
3.0, 2.0, 100.0, 0.0, 0.0, 0.0, 0.0, 6.0, 3.0, 0.0
2.0, 0.0, 0.0, 95.0, 0.0, 1.0, 0.0, 4.0, 2.0, 0.0
3.0, 4.0, 0.0, 0.0, 92.0, 0.0, 1.0, 17.0, 0.0, 0.0
11.0, 0.0, 0.0, 1.0, 0.0, 107.0, 0.0, 3.0, 0.0, 2.0
3.0, 3.0, 0.0, 0.0, 0.0, 0.0, 120.0, 0.0, 1.0, 0.0
0.0, 0.0, 0.0, 0.0, 0.0, 0.0, 0.0, 113.0, 0.0, 0.0
5.0, 5.0, 0.0, 1.0, 0.0, 2.0, 0.0, 4.0, 93.0, 0.0
22.0, 1.0, 2.0, 21.0, 0.0, 2.0, 0.0, 27.0, 2.0, 35.0

Key, Precision, Recall
0, 0.9899, 0.6622
1, 0.8269, 0.8515
2, 0.8772, 0.9259
3, 0.9135, 0.7983
4, 0.7863, 0.9892
5, 0.8629, 0.9554
6, 0.9449, 0.9836
7, 1.0, 0.6243
8, 0.8455, 0.9118
9, 0.3125, 0.9211
Overall Correct: 0.8354


Confusion Matrix
124.0, 0.0, 0.0, 0.0, 0.0, 0.0, 0.0, 0.0, 0.0, 0.0
2.0, 74.0, 9.0, 3.0, 2.0, 0.0, 3.0, 4.0, 0.0, 0.0
1.0, 0.0, 97.0, 0.0, 0.0, 0.0, 0.0, 5.0, 0.0, 0.0
1.0, 1.0, 1.0, 103.0, 0.0, 1.0, 0.0, 5.0, 0.0, 0.0
0.0, 0.0, 0.0, 0.0, 90.0, 0.0, 0.0, 17.0, 0.0, 0.0
13.0, 0.0, 0.0, 6.0, 0.0, 92.0, 0.0, 6.0, 0.0, 8.0
1.0, 0.0, 0.0, 0.0, 0.0, 0.0, 108.0, 0.0, 0.0, 0.0
0.0, 0.0, 0.0, 0.0, 0.0, 0.0, 0.0, 110.0, 0.0, 0.0
4.0, 27.0, 5.0, 14.0, 1.0, 2.0, 4.0, 14.0, 51.0, 0.0
17.0, 0.0, 0.0, 40.0, 5.0, 1.0, 0.0, 28.0, 0.0, 24.0

Key, Precision, Recall
0, 1.0, 0.7607
1, 0.7629, 0.7255
2, 0.9417, 0.8661
3, 0.9196, 0.6205
4, 0.8411, 0.9184
5, 0.736, 0.9583
6, 0.9908, 0.9391
7, 1.0, 0.582
8, 0.418, 1.0
9, 0.2087, 0.75
Overall Correct: 0.7767


Confusion Matrix
114.0, 0.0, 0.0, 0.0, 1.0, 0.0, 0.0, 0.0, 0.0, 0.0
1.0, 65.0, 9.0, 5.0, 24.0, 0.0, 2.0, 1.0, 2.0, 0.0
0.0, 0.0, 89.0, 17.0, 1.0, 0.0, 0.0, 1.0, 4.0, 0.0
0.0, 0.0, 0.0, 114.0, 0.0, 1.0, 0.0, 1.0, 0.0, 0.0
0.0, 0.0, 0.0, 0.0, 102.0, 0.0, 0.0, 11.0, 0.0, 0.0
1.0, 0.0, 0.0, 18.0, 5.0, 72.0, 2.0, 0.0, 0.0, 0.0
1.0, 1.0, 0.0, 0.0, 2.0, 0.0, 101.0, 0.0, 0.0, 0.0
0.0, 0.0, 0.0, 0.0, 4.0, 0.0, 0.0, 111.0, 0.0, 0.0
2.0, 13.0, 0.0, 27.0, 2.0, 0.0, 4.0, 8.0, 74.0, 0.0
8.0, 1.0, 0.0, 76.0, 13.0, 1.0, 0.0, 11.0, 0.0, 1.0

Key, Precision, Recall
0, 0.9913, 0.8976
1, 0.5963, 0.8125
2, 0.7946, 0.9082
3, 0.9828, 0.4436
4, 0.9027, 0.6623
5, 0.7347, 0.973
6, 0.9619, 0.9266
7, 0.9652, 0.7708
8, 0.5692, 0.925
9, 0.009, 1.0
Overall Correct: 0.75


Confusion Matrix
103.0, 0.0, 0.0, 0.0, 0.0, 0.0, 0.0, 0.0, 0.0, 0.0
1.0, 66.0, 11.0, 3.0, 6.0, 0.0, 10.0, 2.0, 8.0, 0.0
1.0, 0.0, 88.0, 2.0, 3.0, 0.0, 2.0, 3.0, 4.0, 0.0
1.0, 0.0, 0.0, 120.0, 0.0, 1.0, 0.0, 3.0, 2.0, 0.0
0.0, 0.0, 0.0, 0.0, 102.0, 0.0, 2.0, 7.0, 0.0, 0.0
2.0, 0.0, 0.0, 13.0, 2.0, 102.0, 0.0, 0.0, 0.0, 1.0
0.0, 1.0, 0.0, 0.0, 0.0, 0.0, 118.0, 0.0, 0.0, 0.0
0.0, 0.0, 0.0, 0.0, 0.0, 0.0, 0.0, 116.0, 0.0, 0.0
1.0, 0.0, 0.0, 4.0, 0.0, 0.0, 2.0, 1.0, 97.0, 0.0
10.0, 0.0, 0.0, 52.0, 12.0, 6.0, 0.0, 13.0, 2.0, 18.0

Key, Precision, Recall
0, 1.0, 0.8655
1, 0.6168, 0.9851
2, 0.8544, 0.8889
3, 0.9449, 0.6186
4, 0.9189, 0.816
5, 0.85, 0.9358
6, 0.9916, 0.8806
7, 1.0, 0.8
8, 0.9238, 0.8584
9, 0.1593, 0.9474
Overall Correct: 0.8274