1593 Patterns Available (16x16)
Found 10 targets.
Constructing Centers and Sigmas...
Centers: [0, 1, 2, 3, 4, 5, 6, 7, 8, 9]
Mode[Train:1274]
Time [2.7148sec]
Mode[Test:319]
Time [0.6433sec]

Confusion Matrix
39.0, 0.0, 0.0, 0.0, 0.0, 0.0, 0.0, 0.0, 0.0, 0.0
0.0, 33.0, 0.0, 0.0, 0.0, 0.0, 0.0, 0.0, 0.0, 0.0
3.0, 9.0, 6.0, 14.0, 0.0, 0.0, 0.0, 0.0, 0.0, 0.0
0.0, 7.0, 0.0, 28.0, 0.0, 0.0, 0.0, 0.0, 0.0, 2.0
9.0, 8.0, 0.0, 0.0, 7.0, 0.0, 0.0, 0.0, 0.0, 1.0
15.0, 2.0, 0.0, 11.0, 0.0, 0.0, 0.0, 0.0, 0.0, 6.0
13.0, 2.0, 0.0, 0.0, 0.0, 0.0, 10.0, 0.0, 0.0, 0.0
0.0, 36.0, 0.0, 0.0, 0.0, 0.0, 0.0, 0.0, 0.0, 0.0
13.0, 12.0, 0.0, 7.0, 0.0, 0.0, 0.0, 0.0, 0.0, 3.0
0.0, 4.0, 0.0, 1.0, 0.0, 0.0, 0.0, 0.0, 0.0, 18.0

Key, Precision, Recall
0, 1.0, 0.4239
1, 1.0, 0.292
2, 0.1875, 1.0
3, 0.7568, 0.459
4, 0.28, 1.0
6, 0.4, 1.0
9, 0.7826, 0.6
Overall Correct: 0.442


Confusion Matrix
22.0, 0.0, 0.0, 0.0, 13.0, 0.0, 0.0, 0.0, 0.0, 0.0
0.0, 7.0, 0.0, 0.0, 19.0, 0.0, 0.0, 4.0, 0.0, 0.0
0.0, 0.0, 18.0, 0.0, 18.0, 0.0, 0.0, 0.0, 0.0, 0.0
0.0, 0.0, 4.0, 0.0, 25.0, 0.0, 0.0, 0.0, 0.0, 0.0
0.0, 0.0, 0.0, 0.0, 33.0, 0.0, 0.0, 0.0, 0.0, 0.0
0.0, 0.0, 0.0, 0.0, 31.0, 0.0, 0.0, 0.0, 0.0, 0.0
0.0, 0.0, 0.0, 0.0, 33.0, 0.0, 2.0, 0.0, 0.0, 0.0
0.0, 0.0, 0.0, 0.0, 24.0, 0.0, 0.0, 3.0, 0.0, 0.0
0.0, 0.0, 4.0, 0.0, 28.0, 0.0, 0.0, 0.0, 0.0, 0.0
0.0, 0.0, 0.0, 0.0, 31.0, 0.0, 0.0, 0.0, 0.0, 0.0

Key, Precision, Recall
0, 0.6286, 1.0
1, 0.2333, 1.0
2, 0.5, 0.6923
4, 1.0, 0.1294
6, 0.0571, 1.0
7, 0.1111, 0.4286
Overall Correct: 0.2665


Confusion Matrix
13.0, 0.0, 0.0, 0.0, 13.0, 0.0, 0.0, 0.0, 0.0, 0.0
0.0, 0.0, 0.0, 1.0, 37.0, 0.0, 0.0, 0.0, 0.0, 0.0
0.0, 0.0, 0.0, 13.0, 22.0, 0.0, 0.0, 0.0, 0.0, 0.0
0.0, 0.0, 0.0, 27.0, 3.0, 0.0, 0.0, 0.0, 0.0, 0.0
0.0, 0.0, 0.0, 0.0, 32.0, 0.0, 0.0, 0.0, 0.0, 0.0
0.0, 0.0, 0.0, 12.0, 17.0, 0.0, 0.0, 0.0, 0.0, 0.0
0.0, 0.0, 0.0, 0.0, 30.0, 0.0, 1.0, 0.0, 0.0, 0.0
0.0, 0.0, 0.0, 0.0, 40.0, 0.0, 0.0, 0.0, 0.0, 0.0
0.0, 0.0, 0.0, 3.0, 26.0, 0.0, 0.0, 0.0, 0.0, 0.0
0.0, 0.0, 0.0, 5.0, 24.0, 0.0, 0.0, 0.0, 0.0, 0.0

Key, Precision, Recall
0, 0.5, 1.0
3, 0.9, 0.4426
4, 1.0, 0.1311
6, 0.0323, 1.0
Overall Correct: 0.2288


Confusion Matrix
31.0, 0.0, 0.0, 0.0, 2.0, 0.0, 0.0, 0.0, 0.0, 0.0
0.0, 29.0, 0.0, 3.0, 5.0, 0.0, 0.0, 0.0, 0.0, 0.0
0.0, 4.0, 0.0, 17.0, 3.0, 0.0, 0.0, 0.0, 0.0, 8.0
0.0, 0.0, 0.0, 30.0, 0.0, 0.0, 0.0, 0.0, 0.0, 2.0
0.0, 2.0, 0.0, 0.0, 29.0, 0.0, 0.0, 0.0, 0.0, 1.0
4.0, 0.0, 0.0, 18.0, 7.0, 0.0, 0.0, 0.0, 0.0, 3.0
4.0, 0.0, 0.0, 0.0, 17.0, 0.0, 12.0, 0.0, 0.0, 0.0
0.0, 12.0, 0.0, 3.0, 12.0, 0.0, 0.0, 0.0, 0.0, 3.0
0.0, 5.0, 0.0, 10.0, 3.0, 0.0, 0.0, 0.0, 0.0, 13.0
1.0, 1.0, 0.0, 4.0, 1.0, 0.0, 0.0, 0.0, 0.0, 20.0

Key, Precision, Recall
0, 0.9394, 0.775
1, 0.7838, 0.5472
3, 0.9375, 0.3529
4, 0.9063, 0.3671
6, 0.3636, 1.0
9, 0.7407, 0.4
Overall Correct: 0.4734


Confusion Matrix
23.0, 0.0, 0.0, 0.0, 0.0, 7.0, 0.0, 0.0, 0.0, 0.0
0.0, 17.0, 0.0, 0.0, 0.0, 7.0, 0.0, 1.0, 0.0, 0.0
0.0, 2.0, 0.0, 0.0, 0.0, 26.0, 0.0, 0.0, 0.0, 0.0
0.0, 0.0, 0.0, 1.0, 0.0, 38.0, 0.0, 0.0, 0.0, 0.0
0.0, 3.0, 0.0, 0.0, 14.0, 14.0, 0.0, 0.0, 0.0, 0.0
0.0, 0.0, 0.0, 0.0, 0.0, 36.0, 0.0, 0.0, 0.0, 0.0
1.0, 0.0, 0.0, 0.0, 0.0, 20.0, 16.0, 0.0, 0.0, 0.0
0.0, 4.0, 0.0, 0.0, 0.0, 19.0, 0.0, 4.0, 0.0, 0.0
0.0, 2.0, 0.0, 0.0, 0.0, 32.0, 0.0, 0.0, 0.0, 0.0
0.0, 0.0, 0.0, 0.0, 0.0, 29.0, 0.0, 0.0, 0.0, 3.0

Key, Precision, Recall
0, 0.7667, 0.9583
1, 0.68, 0.6071
3, 0.0256, 1.0
4, 0.4516, 1.0
5, 1.0, 0.1579
6, 0.4324, 1.0
7, 0.1481, 0.8
9, 0.0938, 1.0
Overall Correct: 0.3574


Confusion Matrix
23.0, 0.0, 0.0, 0.0, 0.0, 0.0, 1.0, 0.0, 7.0, 0.0
0.0, 0.0, 0.0, 0.0, 0.0, 0.0, 0.0, 0.0, 31.0, 0.0
0.0, 0.0, 0.0, 0.0, 0.0, 0.0, 0.0, 0.0, 42.0, 0.0
0.0, 0.0, 0.0, 1.0, 0.0, 0.0, 0.0, 0.0, 33.0, 0.0
0.0, 0.0, 0.0, 0.0, 5.0, 0.0, 14.0, 0.0, 13.0, 0.0
0.0, 0.0, 0.0, 0.0, 0.0, 0.0, 0.0, 0.0, 28.0, 0.0
1.0, 0.0, 0.0, 0.0, 0.0, 0.0, 23.0, 0.0, 4.0, 0.0
0.0, 0.0, 0.0, 0.0, 0.0, 0.0, 0.0, 0.0, 32.0, 0.0
0.0, 0.0, 0.0, 0.0, 0.0, 0.0, 0.0, 0.0, 25.0, 0.0
0.0, 0.0, 0.0, 0.0, 0.0, 0.0, 0.0, 0.0, 34.0, 2.0

Key, Precision, Recall
0, 0.7419, 0.9583
3, 0.0294, 1.0
4, 0.1563, 1.0
6, 0.8214, 0.6053
8, 1.0, 0.1004
9, 0.0556, 1.0
Overall Correct: 0.2476


Confusion Matrix
20.0, 0.0, 0.0, 0.0, 0.0, 0.0, 12.0, 0.0, 0.0, 2.0
0.0, 24.0, 0.0, 0.0, 0.0, 0.0, 3.0, 0.0, 0.0, 0.0
0.0, 3.0, 0.0, 0.0, 0.0, 0.0, 15.0, 0.0, 2.0, 9.0
0.0, 0.0, 0.0, 0.0, 0.0, 0.0, 7.0, 0.0, 0.0, 22.0
0.0, 2.0, 0.0, 0.0, 0.0, 0.0, 30.0, 0.0, 0.0, 4.0
0.0, 1.0, 0.0, 0.0, 0.0, 0.0, 16.0, 0.0, 0.0, 20.0
0.0, 0.0, 0.0, 0.0, 0.0, 0.0, 28.0, 0.0, 0.0, 0.0
0.0, 24.0, 0.0, 0.0, 0.0, 0.0, 4.0, 0.0, 0.0, 8.0
0.0, 0.0, 0.0, 0.0, 0.0, 0.0, 13.0, 0.0, 4.0, 18.0
0.0, 0.0, 0.0, 0.0, 0.0, 0.0, 1.0, 0.0, 0.0, 27.0

Key, Precision, Recall
0, 0.5882, 1.0
1, 0.8889, 0.4444
6, 1.0, 0.2171
8, 0.1143, 0.6667
9, 0.9643, 0.2455
Overall Correct: 0.3229


Confusion Matrix
24.0, 0.0, 0.0, 0.0, 0.0, 0.0, 0.0, 0.0, 0.0, 0.0
0.0, 22.0, 0.0, 0.0, 10.0, 2.0, 0.0, 0.0, 0.0, 0.0
9.0, 1.0, 0.0, 0.0, 5.0, 11.0, 0.0, 0.0, 0.0, 0.0
1.0, 1.0, 0.0, 3.0, 0.0, 28.0, 0.0, 0.0, 0.0, 0.0
5.0, 0.0, 0.0, 0.0, 27.0, 0.0, 0.0, 0.0, 0.0, 0.0
15.0, 0.0, 0.0, 0.0, 2.0, 17.0, 0.0, 0.0, 0.0, 0.0
16.0, 0.0, 0.0, 0.0, 9.0, 1.0, 4.0, 0.0, 0.0, 0.0
0.0, 16.0, 0.0, 0.0, 18.0, 6.0, 0.0, 0.0, 0.0, 0.0
26.0, 2.0, 0.0, 0.0, 1.0, 3.0, 0.0, 0.0, 0.0, 0.0
20.0, 0.0, 0.0, 0.0, 0.0, 14.0, 0.0, 0.0, 0.0, 0.0

Key, Precision, Recall
0, 1.0, 0.2069
1, 0.6471, 0.5238
3, 0.0909, 1.0
4, 0.8438, 0.375
5, 0.5, 0.2073
6, 0.1333, 1.0
Overall Correct: 0.3041


Confusion Matrix
26.0, 0.0, 0.0, 0.0, 4.0, 1.0, 0.0, 0.0, 0.0, 0.0
0.0, 0.0, 2.0, 0.0, 25.0, 0.0, 0.0, 2.0, 0.0, 0.0
0.0, 0.0, 12.0, 0.0, 9.0, 1.0, 0.0, 0.0, 5.0, 0.0
0.0, 0.0, 0.0, 21.0, 2.0, 8.0, 0.0, 0.0, 0.0, 0.0
0.0, 0.0, 0.0, 0.0, 36.0, 1.0, 0.0, 0.0, 0.0, 0.0
0.0, 0.0, 0.0, 0.0, 3.0, 27.0, 0.0, 0.0, 0.0, 0.0
1.0, 0.0, 0.0, 0.0, 41.0, 1.0, 0.0, 0.0, 0.0, 0.0
0.0, 0.0, 0.0, 0.0, 24.0, 4.0, 0.0, 2.0, 2.0, 0.0
0.0, 0.0, 0.0, 0.0, 4.0, 5.0, 0.0, 0.0, 19.0, 0.0
0.0, 0.0, 0.0, 0.0, 7.0, 19.0, 0.0, 0.0, 5.0, 0.0

Key, Precision, Recall
0, 0.8387, 0.963
2, 0.4444, 0.8571
3, 0.6774, 1.0
4, 0.973, 0.2323
5, 0.9, 0.403
7, 0.0625, 0.5
8, 0.6786, 0.6129
Overall Correct: 0.4483


Confusion Matrix
22.0, 0.0, 0.0, 0.0, 2.0, 0.0, 0.0, 1.0, 0.0, 0.0
0.0, 0.0, 0.0, 0.0, 0.0, 0.0, 0.0, 35.0, 0.0, 0.0
0.0, 0.0, 12.0, 0.0, 2.0, 0.0, 0.0, 15.0, 0.0, 0.0
0.0, 0.0, 5.0, 5.0, 0.0, 0.0, 0.0, 23.0, 0.0, 0.0
0.0, 0.0, 0.0, 0.0, 24.0, 0.0, 0.0, 7.0, 0.0, 0.0
0.0, 0.0, 2.0, 1.0, 7.0, 0.0, 0.0, 28.0, 0.0, 0.0
4.0, 0.0, 0.0, 0.0, 22.0, 0.0, 7.0, 4.0, 0.0, 0.0
0.0, 0.0, 0.0, 0.0, 0.0, 0.0, 0.0, 24.0, 0.0, 0.0
1.0, 0.0, 8.0, 0.0, 2.0, 0.0, 0.0, 20.0, 0.0, 0.0
3.0, 0.0, 0.0, 0.0, 1.0, 0.0, 0.0, 31.0, 0.0, 1.0

Key, Precision, Recall
0, 0.88, 0.7333
2, 0.4138, 0.4444
3, 0.1515, 0.8333
4, 0.7742, 0.4
6, 0.1892, 1.0
7, 1.0, 0.1277
9, 0.0278, 1.0
Overall Correct: 0.2978